226,9049,2959,6743,3782,6599,3632,843,10004,8101,3555,6264,797,2639,1237,120
5734,5504,983,1670,5777,6933,10022,8717,6632,6591,8872,10083,2142,6710,4609,6490
6146,10122,424,3994,7963,2271,9386,689,7683,1427,687,1961,6546,1376,363,8839,4565,5410,4262
5589,6060,421,9517,9964,6497,825,2694,3871,309,7091,1864,9470,8857,6500,3903,6435
10130,607,4651,7227,3425,7499,4079,3469,1052,9803,5293,8164,9051,7753,7458,7294,73,9456,7121,2260,3428,1982,2889,813,3724,3704,5327,9799
5733,1181,5822,2797,3867,3388,7508,3921,3983,7978,7397,6571,6085,8024
8232,3673,1791,6486,3227,9625,3512,2666,5017,5839,2463,6529,7518,2586,1578,4267
7295,9395,9001,2157,573,6847,2193,9740,9004,4543,6428,6989,8079,4350
101,2429,5398,7011,4899,3897,1263,6453,7361,772,2004,3831
2831,1550,3378,7875,372,9664,320,7992,4987,7355,3478,7166,9290
2274,8696,2625,7471,8174,4895,8604,52,3980,4520,6360,1410,9363,865,646,9299,1283,773,1740,6569,6759,2111,9770,5008,9090,6491,2331,1256
3195,4927,7262,161,3081,6899,1745,6382,9221,2444,2690,4788,1480,5537,7207,9409,9592,3074,9619,9709,7288,8867,4290,3055,4706,2674,271,2821,7964
9129,1451,4701,4441,3077,1024,6084,1142,6896,2174,5465,5620,1904,2895,5076,7939,8413,3661,5867,9259,7771,7806,4871,3259,6479
8514,4967,102,5803,2273,5100,7330,444,7531,9092,7004,852,3434,4514,3092,1917,5584,3959,748,6276,3844,1798,9268,1309,2054,8047
9220,978,4322,2473,4732,9557,5792,8855,5596,3125,7292
6142,8549,3612,2840,8544,7478,1387,10140,2859,1118,1457
7224,3579,9235,2079,4798,7880,6009,3167,4915,9057,8666,7844
5510,4183,6945,4853,4661,5216,6010,4010,9593,2759,3809
2632,5899,575,4319,2823,3672,3898,9459,6968,2154,1893,3700
2037,3300,2844,5790,7083,1133,6429,8494,7566,8105,3745,6866,7082,4916,7922,9295,6627,2868,9003,2002,1640,6059,2269,7648
3443,6017,5863,510,9086,3012,2828,7650,9556,5857,4019,5134,6316,3833,9790,3931,1719,2605,6909,3634,3197
9596,6476,9554,4127,5749,4517,2057,1191,5062,6122,208,39,4961,1672
1343,6395,5234,7630,7172,4650,2028,974,5950,8654,4260,2382
3981,1728,8669,7873,10017,4471,6362,7969,7865,7457,2795,8316,2808,5026,6132,532,7676,1650
7834,4333,6108,401,18,8546,9118,6616,916,1395,8351,6483,7994,5373,5886,10061,4832,5779,5649,8762,5438,5447,7606,4468,357,1675,350,3449
481,9939,1015,7177,2212,7664,4374,5497,8622,2027,4670,3106,3239,8042,8371,1926,9170,8652,705,8045,7008,5067,6358,3708,2923,9462,8160,4254,2710
1489,8803,5080,9609,6509,4601,7192,2128,6409,8117,4449,5161,6806,2042,4224,3173,3864,1026,1794
2276,4035,8648,8795,8337,8507,8090,6541,6886,1448,4426,8073
2158,5608,4047,6193,3769,1551,3944,2608,5763,1203,1971,1723,5699,8034,1266
5264,9605,8490,3836,5287,9877,1103,9285,8759,3607,4698,2431,5791,34,8629,2786,2792,8748,7045,9540,1066,3004,1735,10046,5836,1158
1044,5996,2346,129,8922,6882,7729,6394,670,7156,3398,7127,7966,4162,3717,7477,970,2737,9565,6078,7644,3483,123,5760,5859,6800
3346,5545,434,8092,3721,6323,7933,7327,2528,5750,5411,1695,288,8801,2582,972,2112,3500,422,6875,3120,5319,1567
405,3355,8420,1459,7371,8347,9836,9521,6817,9337,1967,4953,6792,9721,7187,787
2515,1506,8345,8404,7023,5142,3057,1734,9983,4369,2018,209,9457,9068,7657,2566,6199,2790,6243,4446,7071,1985,3627,6531
4714,7926,2951,9958,632,921,8522,3876,2854,7877,1100,5106,8888,4837,4007,9889,3271,2565,7918,7424,4546,1742,2614
679,8353,7003,4891,2445,8071,9637,5124,9835,5579,1095
2595,6588,5973,3848,926,9683,4187,7883,8333,8394,203,5554,8592,5113,6999,4952,1394,3050,2392,354,5991,4645
7134,7074,2858,806,3027,4154,4139,8121,5305,8341,4715,5755,7533
4474,4969,4155,9296,8756,7974,4647,8913,6334,8579
2706,2403,3492,1876,826,2764,4189,3089,5372,8908,9376,1901,2522,8081,1872,3131
4229,2190,7673,9699,486,1600,9084,2330,1292,2517,5389,6931
6556,2576,3711,6936,9620,3587,2945,4736,9661,3641,1370,4408,3502,4385,1076,9791,9874,2767,9128,671,8224,467,9526,260,1123,3534,9480,1758,516
2424,905,1889,2253,5350,6990,1359,8189,3889,3436,7165,9157,3005,8526,9642,9852,7108,7387,1753,3499,8411,8515,8753,7528,3694,449,2559,2411,6656
935,8457,6898,5889,5157,4315,8068,5186,5662,4939
1469,8304,1855,4990,8695,2254,1235,3014,7658,9269,3751,9727,182,5399,7250,3630,3215,392,3806
2635,4595,7380,2292,5700,3176,3883,5558,2432
4275,9566,5201,5957,1156,517,2678,5014,8096,1399,3801,7879,9009,92,614,2955,5483
4574,8155,279,489,1225,1644,5564,498,8564,2953,680,7452,6038,7234,6609,148,8883,8441,3773,1361,5163,572,8219,5361,8838,2103,8162,3739,992
2286,4827,6600,3059,5030,349,2339,7935,6399,6102,83,3078,6295,4030,7925,5357,4795,43
7530,10048,5848,5659,5240,6424,9077,1300,799,1821,416
5378,594,3611,6560,5835,5648,6294,14,7790,9203,1005,8434,5919,6640,4590,2743,1463,2402,4900,9483,1997,3217,6456,2252,2560,7298,4938
5397,8291,2470,2989,4396,7088,2049,5517,3817
317,1694,9436,4982,3139,3941,9991,4917,3413,2748
4642,8503,4542,8754,1110,8810,7205,7898,5988,5254,2514,4932,1012,3976,4365,6218
7517,1141,9756,9499,5170,915,5590,2627,8177,1793,711,4041,1051,4730
4241,8499,7484,6565,6174,9047,6838,3097,3582,8508,9704,9390,8356,366,7079,5117,6161,6778,9828,9156,8630,6140,2816
8840,201,5302,5663,3019,3264,3228,169,6943,5616,465,152,9495,8258,3631,9751,5665,8409,9574,4201,7589,4615,5949,7943,8267,4956
4375,6910,9165,3420,4415,4877,8571,8744,514,4511,6322,4833,9474
7604,563,9061,4741,245,7072,7481,2043,3550,9257,7267,9453,543,4776,9873,6046,9044,6127,7038,7174,7086,7843,3761,9159,8726,5351
1520,4423,7798,2357,3934,4573,6251,2633,4996,1605,9525,5119,8226,4417,10118
6647,8445,5044,3369,2457,1890,1449,6265,6688,2238,6520,1346,77,4510,8818,7398,6734,2769,5573,9204,2621,5053,1315,1423,4919,8774,1230,4208
2058,8030,6150,7854,5126,5775,1065,1088,5818,4965,7408,9542,1828,5070,693,4483,8884
7672,975,4964,5552,9523,6707,8057,2976,9071,7418,5390,6789
590,987,6863,6498,8862,6504,9839,2826,4096,147,8749
7062,4261,5272,3188,4721,9427,9570,1495,3577,4203,7602,3257,3367,252
4146,9478,1436,2552,8093,1939,6701,7474,1701,1294,341
7261,224,4668,932,10111,2518,6982,5762,6606,3319,1581,8586,7744,153,7354
118,6836,3650,5104,9399,3636,199,6076,5694,3373,8976,4169,2634,4779,7199,464,2198,1706
6257,5969,2319,2798,4447,4533,6635,6412,4144,1942,8848,6299,9606,5210,1990,7409,192,2728,6228,4763,9254,2573,6549
5526,4914,5330,1771,9489,5467,743,4646,9126,9718,5797,576,8372,6764,9357,5248,9807,9708,3778
655,112,9918,9248,995,1464,10067,5621,3870,2781
8689,1509,5430,1657,4463,8432,1202,2788,8927,885,1915,8581,3911,5942,9935,3356,7374,132,4347,2822
819,4755,9680,620,868,1983,9506,1046,5660,5840,275,626,9766,6978,8276,1546,3191,3010,7377,8933,4283,4586,4256,5606,1461,7158,2110,9014,4467
9040,1953,273,654,4227,494,3353,7425,9859,3303,6900,6035,7180,3038,8698,3663,7326,2368,2332,6087,4070,8907,6729,9434,7919,7491
9073,3615,4370,9987,881,2214,9160,5981,564,7536,333,3725,2975,7212,10089,5020,1260,5873,758,5964,3996,947,3566,5821,2488,7876
3957,4485,4255,3181,5741,774,9725,9914,2105
9058,8201,8428,7245,8859,3930,9801,7895,5386,8003,60,5362,5364
6138,7226,8847,2108,8684,4747,4718,5077,1511,3618,425,9909,3509,1501,1545,5406,16,706,8624,2155,3568,7391,7993,193,3968
5312,6631,5266,867,2324,7567,6751,7445,6164,5808,4101,9455,6742,7440,2994,91,6607,1619,6692,177,1485,4936,6570,3816,3170,1952,7051,5220,315
9110,4367,1032,7784,1041,1119,2520,2372,3494
9041,3625,740,4608,2421,5133,5270,7674,1903
5506,2623,7845,2030,1918,2453,7548,3654,8261,5582,5470,3043,8997,8970,87,5622
599,3294,925,6381,9976,9733,2946,2739,7534,3775,530,6263,2779,6766,8274,1227,3713,9780,2272,8329,3329,8296,7680
9703,5692,3481,3022,2234,5774,76,8388,5488,66,8680,9244,9471,2192,3386,9119,2422,9024
4838,5523,4186,7193,1249,3456,6094,6258,8596,7080,2124,9610,2107,5120,8580,6592,8509,5377,9696,9137,5976,266,3407,5997
3076,328,3233,4753,7525,7719,2631,7656,8582,4270,1848,5767,7800,8794,3843,1681,8421,5959,7574,3254,6213,351,3958,5039,6772,56
816,1096,1208,5137,4550,2913,8532,2150,8678,4617,7390,9800,7369,1277,8591,290,833,8339,6408,1358,8321,8318,3006,5928
8690,4274,7052,4112,4266,6605,63,4218,9675,5905,1234,2615
6864,5498,5358,265,7684,1279,4065,7496,4049,3451,1992
6197,6545,2661,5604,6267,4522,6088,7034,5004,2496
9281,5519,5263,6071,10086,4951,7822,9951,5471,3720,3096,2014,9431,1372,2248,3265,7107,7237,5877,552,3515,2175,8993
6195,5116,7356,1563,9424,5190,8814,2686,430,2143,5083,4634,7591,2393,6587,2305,3149,1554,5222,7791,4299
9007,1144,2842,700,8069,181,1389,2500,6440
1482,7257,1830,821,1958,5853,4729,9033,3198,2847,8470,2486
1736,5200,2986,4769,8233,2491,9924,1431,6369,9301,6325,2106,3273,6306
9488,2220,8327,7582,3829,4744,3154,4153,5917,7464,6590,3320,1019,5000,4249,10119,2210,4492,3754,3312,2345,9397,8506,3135,4296,3865,1098,9102,7412
5205,1946,1911,7494,1265,1775,9149,8987,3199,8892,5820,9598,212,6445,5640,7263,9468,5687,4963,244,10059,3482,8272,5934,332,9541,6911
3045,9830,6568,10001,757,2418,6459,9139,9978,4081,7934,1534,8608,4820,7847,5348,3681
323,6178,5164,714,9279,3935,5932,6940,2511,3343
6473,5074,6116,8682,8198,232,7737,3646,7545,1587,10131,2481,433,10065,8458
4709,9827,1408,2529,7529,2113,6972,4663,3802,7618,5646,4395,7646,7989,1109,1944,207,5016,3427,6495,8453,8875,1827,1774,3394
9720,6072,7351,4850,4149,2023,6507,8919,5748,2662,4918,3855,6387,4294,7239,2161,4125,4357,5045,8808,9673
1896,9433,8415,8039,365,9498,4572,234,1031,581,7281,2778,4298,5385,1446,9134,6696,3140,3950,4603,9922
584,3536,9021,969,1813,4690,1009,10016,6475,961,1043,2178,640,3949
5429,5059,8314,822,2032,3812,8869,6168,9508,10015,2592,4164,634,49,909,7775,667
8782,6125,2832,592,2261,4540,9872,5851,2377,6887,6687,9713,9206,5095,8467,9332,2733,8826,4591
977,5199,9205,4817,1814,4327,3430,9590,1887,3048,1669
7311,5890,894,6666,3562,5701,2773,4627,701,8459,3147,931
2121,9240,9422,2624,9333,3274,9900,3475,5547,9941,7228,1085,9340,1980,10071,6075
5871,2371,7568,9239,5073,683,7599,5508,9569,9381,629,8687,1697,6745,4009,5048,5214,5402,8386,8343,550,7977,652,1838,988
5409,3974,8845,4277,1192,9886,3645,7706,4526,6695,1163,7304,3348,6313,7982,7447,4059
1803,1632,4386,5716,2928,9544,3270,8799,454,7871,2071,2025,7891,4641,7497,9463,4506,793,5131,4466,4110,7479,4339,3148
7636,8060,10096,6921,10018,6051,3122,7039,8905,10014,5720,8597,3364,6067,1339,10112,520,4823,1270,2901,1396,688,6200
9366,4427,5870,2126,2806,6934,5514,665,6413,8700,4689,8171,8560,5980,9608,2796,4092
2532,4494,4321,4043,2482,3347,463,5615,3037,4774,9599,2501,4813,4499,6350,8852,5577,2716,4887,761
6253,8732,4243,9192,5670,8548,3371,371,6619,8902,10092,3450,6829,4922,502,289,907,2974,2061,170
4409,1668,8127,9858,10136,7679,9561,3318,2618,6077,4163,828,1388,3295,7470,3982,7472,5441,1522,635,763
269,5340,1479,6564,3616,6030,8817,4889,1682,9954,2019,9933,4394,7019,3193
1341,7392,124,9367,5814,1596,9917,7169,10073,3651,8909,6621,5541,4216,3622,1620,9723,97,1248,2048,4518,9417,7804
5918,2941,7849,115,5194,2390,7042,2282,7222,4,2729,2352,138,3200,3421,3298,7763,5197,10093,2086,4133,814,7897,8491,1930,5172,5724,1492
5393,834,3376,5314,6212,2386,8379,3863,8645,5003,8540,7128
2707,1115,7435,4297,5611,3144,5097,5619,9843,2679,3832,1726,6540,5454,9930
9948,8500,5925,731,4001,2562,1547,5499,4771,93,391,7796,1063,2602,5921,3718,2684,2066,6747,2673,8968
7542,1565,6740,6112,5342,9755,2527,3750,248,6380,7758,5556,4607,431,9426,7610,9857
1539,4056,5691,6006,9308,4238,1104,8192,9851,2983,9491
7593,4161,5304,5546,3791,8426,8313,6037,9724,9178,1840,6722
1139,9243,5565,8853,8676,7104,9345,6660,6492,6725,2228,5075,555,8336,6971,4031,5255,3142,1829,4454,7053,2815,2288,2182,864,3857,9440
2934,8534,3581,1296,5916,1258,953,676,4142,5766,1128
5525,9109,9415,4457,7743,2881,963,4401,722,2849,8061,6099,1322,4976,3728,7063,3431
6189,4875,6803,4048,6096,2334,2502,5910,1760,7607
9430,5855,3507,9443,7890,8478,8130,1377,398,3735,6585,2852,2301,2449,5967,3358,5298,802,759,1308,4959,5464,2789,7176,1505
1580,918,3285,7793,6557,3594,7848,3899,10142,6270,718,1685,4250,20
2056,3327,6638,4443,8271,8558,3360,721,1535,8600,6186,2397,3201,4905,8400,3869,3040,1762,2644,1816,8210,4857,6525,2017,264,6861,2140,9798
9937,3151,5982,4024,9148,2495,2800,7167,2817,6331
4728,5290,2169,6389,8971,7764,1858,116,949
8290,808,9595,1867,3098,7987,3992,5887,2564,4658
541,4512,8010,8255,4022,222,1965,1937,6477,4749,2725,9825,9464,6983,4992,272,7769,5690
5511,322,402,4903,3909,8036,1523,1571,3807,186,1170,7238,7341,9410,8691,5477,1363,6711,3403,5540,4069,5295,7915,5183,9837
2912,139,6511,31,7752,8606,2917,10020,6622,2469,872,7565
4979,8197,5055,6229,2060,7575,7159,1271,4017,2125,3495,10039,1014,10100,1883,4486,8013,8850,9618,1105
6905,7506,7343,752,9814,6308,6644,4815,6446,9908
1462,7070,6438,4458,5858,7191,7168,4785,7924,4537,1782,7732,542,2257,358,3954,114,2818,9454,10040,6611,5049,7189,3292,6678,10034,2038,4336,1902
3031,5232,6296,7731,7016,1680,562,1739,3094,7632,5193,5383,4662,7584,7833,6136,7415,8395,3000,5300,7770,6422,746,6289,6242,8874,3978,9898
5844,7809,9275,4123,9297,3766,2478,1660,1310,8616,8311,8711,9362,5815,1948
74,4398,4027,1174,7031,7699,981,10114,6345,9781,8449,6021
5355,1323,6049,9287,7061,4093,4145,375,4015
1342,2736,3015,6776,2988,8381,450,9387,8823,9056,3406,9534,2081,9730,9532,8563,1286,8501,5796,7500,8802,3828,130,7691
4237,2871,6068,5897,6873,9838,8280,6465,1555,9479,9817,6318,7153,3522,5376,9904,503,610,6774,8628,3925,7867,2136,4120,7076,7651
2075,1987,3203,8686,1741,9847,7546,9492,1756,7707,53,1002,9640,154,7957,4115
8590,8378,7465,8655,5743,2575,7635,5906,5485,9654,7952
5732,4998,5136,4239,307,5972,7006,1819,2809,9055,9816,6547,6664,6562,8642,4535
6804,3736,8770,6874,4869,7985,7540,6434,8674
142,387,2441,2875,1979,8663,5259,6754,4057,8631,3547,6113,1379,1355,4541,5563,5360,9887,4933,7991,7830,5781,1484
8940,4968,230,6411,7131,8218,5101,3359,6785,6392,656,5581,1575,1593,6414,8727,9298,1500,3554,5052,842,2590,2580,9476,4205
5881,9975,7092,2239,6794,2312,8661,151,1528,6869,5032,9601,8520,7181,7329,7832
4444,2485,9402,5849,7106,5542,5416,6348,5736,3448,6458,890,5236,6137,5337,1190,1561,9973,3596,239,10006,7779,3693,8216,5177,6180,5369,8049,9502
5042,9961,6290,9444,1381,6736,9487,2065,5060,5453,4605,3984,5985,5945
2742,9533,7404,5238,2654,5480,3470,10117,10076,2233,8932,2012,3683,8137,9274,7739,5550,10079,6536,7522,9952,1108,3531
476,4881,5788,221,827,4073,3779,9662,6903,9929,3136,167,5387,9648,10042,5923,7306,8289,9184,298,204,5168,5202,8679,5922,8320,4055
6923,4835,4587,1172,8287,836,7342,9364,4067,6966,8553,7206,246,2131,4078,889,6980,4209,6024,7944,8203,2317
7703,7878,6187,818,5459,8720,7498,6922,7962,1564,9678,7724,1574,789,3372,8861,5879,10064,5082,7483,4884,7122,4023,9536,7937,2333,48,4442,4778
3592,8937,4978,47,3183,7759,8479,7655,971
2203,2483,2497,7745,40,8775,6735,5282,3986,4202,4696,7647,9647,2612,6489,7947,7776,1125,5224,2367,367,4159,173,5953,9974,6027,5902,90
5299,1262,9615,9323,6361,2784,9482,7287,5345,5538,1006,8147,3162,3036,6303,6192,8285,9979,3798,5021,2006,7315,1637,4739,359
8175,9861,2883,1092,8974,609,3755,4571,1137,6670,511,9972,560,8211,8876,3351,2009,3165
268,3963,8180,4999,1282,2867,785,3827,4040,9611,3377,1362,4451,6991,7195,9289,2399,217,284,3100,8026
4192,9404,7358,4424,6885,8091,5078,6651,1905,7312
1598,5500,7164,875,8165,5050,9845,1698,998,9432,7161,2717,997,2378,8385,3099,2591,8089,6482
6753,1836,3340,2003,382,7002,3287,7118,7175,5165,2531,4399,5275,1458,8450,6452,6222,6305,3902,2199,429,6659,4265,6111,4034
5631,5246,8303,4060,9968,724,8939,6372,78,7096,5645,4343
2884,1900,194,2438,7485,5370,5125,7794,8946,7811,295,5521
4802,3995,9037,1689,8545,4346,4033,1285,5728,8088,5594,8305,553,8433,1034,9288,3859,2342,3064,3753
25,4973,8322,7560,3246,5121,4372,6474,5006,8640,4984,6034,10115,3924,1592,7623,3161,7242,8281,2391,339,5322,3202,5341
954,2950,7202,9374,10072,6375,9361,7931,1906,1615,9576
9795,805,9636,4293,5513,5297,3729,3639,7450,1390,9997,8205,6167,4906,4986,3439,2738,7400,2649,2915,5145,8780,5888,1487
5012,5555,9406,5058,939,1849,1090,4974,779,1577,675,5569,1327,7200,5251,6690
281,1028,2336,8837,1975,8787,6410,5937,9567,9522,8510,5551,4818,4140,2749,4876,619,134,7660,7576,473,1392,2374
6669,9083,9466,4740,2307,1143,4004,7896,2189,5209,6954,299,5129,8758,2229,428,1219,8482
8816,8402,3002,7788,7936,2731,69,4223,7970,4649,9841,9452,1558
6015,9123,6567,6852,847,303,917,54,2864,4681,7116,7519,9888,2141,5088,7084,6763,3383,1455
2251,200,5235,4502,6904,5817,2406,8894,3126,3313,7060
7198,7884,5745,19,4300,4361,9692,4305,7929,7419,7681
6677,9473,1885,10021,1752,7577,7123,9066,7117,1699,3491,9868,7307,8565,623
3084,9884,2146,7313,6639,326,1616,2494,1870,5600,9745,9923,360,3049,6637,10134,7420,4488,1229,2962,455,2045,753,7027,6841
45,1151,9894,9782,8025,285,4985,8163,3210,5825,5344,8462,2908
9913,6941,8309,3399,364,3269,1815,220,1421
585,924,6469,3590,6682,5907,496,1437,3437,8283,3333,9669,3416,3091,5321,6535,9871,3521,3463,3252,128,2420,7064,3786
2062,9369,9635,636,3221,5778,2447,529,146,3516,3872,6081,2838,8077,180,1199,6373,574,373,4495,7976,5685,8593
7870,3759,9098,9344,641,4064,618,2236,231,3558,261,841,9512,2535,2013,3275
9965,1652,8601,2920,471,168,8330,6162,5502,3580,4234,5051,2033,10074,1643,5946,7221,3166,7190,2493,6731,4616
1443,6119,8004,10029,5678,4402,5010,2053,681,3206,783,5809,8194,8448,2888,6232,6812,7105,7277,9652,678,755,8665,6796,9734
9425,7869,3155,8504,2622,4807,3474,7733,9866,2846,9028,7857,8926,7215,3973,4902,8031,5783,8051,1747,3915,9060,7309,9322
329,2929,6256,8334,593,8820,213,732,3591,4713,7626,7439,104,10099,9644,1842,601,1160
9992,1929,4085,5421,8747,6383,7297,9400,9584,9641,6602,2894,6563,605
10041,8340,4515,8656,6179,3546,5334,9087,5294,8576,782,3585,6574,1117,4547
7777,853,3169,2948,2376,2197,9356,3003,8554,7975,1602,726,7075,2630,4556,1956,1490,1754,8561,278
1928,1329,3261,3267,6799,8893,2283,8797,2693,5874,5094,4210,2067,7838,1025,8366,6781,5249,6020,9559,2992,5883
4937,5770,1364,4063,9496,9504,4810,4114,1398
4575,8323,5102,6160,4225,2571,2344,6674,8231,9418,6779,8107,7328,6018,2646
6858,3220,9484,9059,4438,504,1913,7980,6379,6582,9043,5968,2243,8405,523,4934,2755,8246,6539,3856,8364
9831,4051,8702,8145,7325,6351,7249,6824,8879,5591,3723,749,2050,4622,4240,5738,3158,6645
1209,5162,4867,7726,6169,143,8518,4596,4859,6714,8212,4226,8610,5461,6105,8891,6691,3476,7468,7741,6286
1414,7449,6052,8011,6104,8828,7563,10036,9650,1198,5951,588,7510,1924,4253,6758,6657,4931,6844,6339,5015,3248,1452
10137,8113,3977,4181,2359,3339,8765,9078,2972,9310,8485,7058,6709,55,7303,6260,8176,2289,2180,6134,8722,9053,3465,1963,8889
2076,2015,3741,4455,9334,692,7916,1453,3760,6837,9414,5031,5534,10055,7111,2029,2279,2409,5989,6466,376,9711
3821,6614,5710,1617,6681,4098,9486,8982,7137,7930,3905,4695,7410,7454,1869,9380,6851
7808,5637,7348,8990,9915,8,2685,3830,6148,5819,6579,2202,9338,10113,1871,1586,5158,2306,7948,8573
3540,1354,2039,2636,5072,8498,2720,2965,882,312,6110,597,3054,2692,7942,5139,9091,7748,3697,4170,2087,9735
344,5505,9911,6986,3914,9096,4090,6808,6533,9146,412,8332,9389,7938,9196,9649,3519,4473,4245,1428,5894
1404,7828,7007,7572,297,10051,9617,195,9571,3787,1933,3677,6854,6057,9350,6518,9097,6470,8178
1434,1868,4503,3567,362,3796,9339,9256,8688
5524,1460,2756,3814,8315,2581,5182,596,294,9202,4655,229,9475,4058,6595,7956,873,2977,7489,6512,698,4754,4694,3529,5173,7048,7736
2601,10012,9316,1245,8040,1380,8183,8396,8612,6673,6280,9416,2596,5265,86,6250,4434,9519,5403,1037,4306,6698,1624,669
4593,8995,9284,8928,6158,9346,6604,5671,3397,2360,6908,2475,4460,3987,8118,5954,9905,7712,6153,2373,8849,2979,3942,4150,6653,7667,6718,1809
7842,2753,6505,9151,3664,4772,5144,8384,383,5958,9500,8763,5713,1360,3324,9125,8693
1991,2405,2964,2300,5795,8087,4545,7817,2814,2221,7772,7028,8097,627,8707
3966,1432,2745,1548,7812,7590,968,6203,5686,6240,8978,6066
5160,6784,61,4279,2480,7217,8483,1403,5381,8129
7353,9341,4413,801,4727,2521,2361,7291,7352,8200,5593,5574,4599,9927,8541,1780
846,8949,3486,4384,1382,137,2967,3444,6589,8692,5810,3009,2456,3923,5225,8298,4731,4921,106,10128,4636,3335,1383
4020,1591,3129,1964,9348,4799,7132,2628,5816,2675,8945,6029,6780,6444,8842
4470,839,7520,7367,4722,9822,6064,5576,2961,4942,8572,9353,8992,7197,9524,1629
3916,8557,4760,196,7621,2939,4421,4768,6771,3497,8863,1254,5114,9163,6025,9100,6720,1703,6629,7147,9762
9215,8161,4707,1783,9069,3013,8256,5005,4328,7955,940,3603,7055,62,3379,2151,4285,2741,5086,4077
649,6623,9138,6805,2215,8542,10007,4560,8014,1127,1386,8362,4639,7275,9179,5089,3042,9910,10110,716,4886,2046,2083,1331,7319,2353,5754
7905,9318,210,2127,9253,8798,7605,2255,4804,6095,9785,4954,6671,7643,5970,2389,2280,5338,8649,9501,1537,9716
8860,7285,1962,8489,2297,5625,8018,9228,897,1029,5635,2650,2191,7514,4217,1514,3560,5977,3137
1483,5624,5831,3880,1621,5961,5714,6705,7928,7148,3368,3341,5422
7196,717,9771,4213,9173,9656,5188,5567,5757
8158,7967,8001,7416,466,672,2100,7512,3211,9375,2129,8102,10025,7482,1519,7949,6454,6554
1653,1440,7057,7012,3332,1710,2785,1333,1200,8492,10010,9573,1184,2997,6959
7821,3777,6918,5019,8037,490,1424,1938,3948,4862,3674,8406,7863,5927,4588,4390,2249
5226,6210,5228,7856,6282,1978,6349,7130,2168,3032,8513,2186,9681,7526,662,7054,2619,4672,5984,4703,8830,7558,4659,5974,2830,1008,3860,606,2231
8422,3034,409,3307,4614,5346,8952,9630,8228,9581,9370,5856,5247,3279,3314,7839,7480,2914,4908,9365,8278
5217,9121,9949,5107,5258,6233,6538,4893,2442,9880,57,10127,5703,3132,7103,1659,6786
6615,1553,7909,10030,1275,9461,9319,4097,8008,8245,2315,9677,9437,9985,4874,4301,1613,8059,8878,3247,7597,3675,501,9064,7110,8116,9438
1761,2476,3840,2437,4618,6850,122,2659,8065,8017
4758,470,9144,9925,9969,1656,2152,10044,1649,524,6798,3937,9441,7921,1120,6586,8505,5725,5531,4331,6985,9802,4723,5141,9821,8344,8126,9384,780
3749,9844,6575,8890,2505,9531,9336,7829,602,4137,4182,7554,8424,8349,8502,4943,2414,9613,5865,1722,3731,6975,3156,1357,8476,1943,5580
2035,5956,7469,7194,3588,2567,4158,9188,7026,79,10062,617,6451,1639,3946,7373,3795,4606,1767,3774
1582,9198,1704,6356,4991,3878,2451,2181,6436,9273,8493,7586,2724,3067,920,8461,1834,5719,9545,5841,1367,8237,6534,9811,1094,3134,857,8996
9201,8900,3256,2609,1004,3441,9307,9674,6717,9378,7145,7669,549,8430,631,5309,6527,183,527,9036,6658,4682,9986,4018,8567,184,2944
5846,3823,9616,9183,6130,8240,2617,9769,7081,9726,942,3296,6190,5602,5138,1562,2935,9600,4677,2561,9685,6807,7473,7382,7308,513,1700,4509
8521,3792,10135,6756,9200,8444,7721,6853,980,388,256
2245,8789,1183,110,8234,898,8063,2216,1267,2489,886,5311,8429,3662
7619,6385,2206,7786,3583,7310,6272,666,5598,1897,7754,6523,8249,9955,191,4865,6846,2325,4359,7090,8016,1488,3861
5269,5047,4665,2508,3380,9936,9035,2327,2506,7628
253,9358,1810,2971,385,190,1549,9792,2430,3679,343,6152,3411,9931,1082,8796
6946,10124,7033,5444,2031,7386,6365,2774,2,1213,3727,9162,579,4993
2825,8138,2952,6524,6173,5882,4497,8139,4949,5495,9893,7755,4924,8644,5316
1373,483,4071,4896,845,8361,871,7015,4553,7641,1525,2554,4781,570,1512,6685,1288,4006,1426,991,7486,1779,3824,3462,591,7248,1630
6321,2426,3960,9238,1062,9583,4083,8772,7627,1508
6519,5278,6937,7637,4780,1799,9710,5184,5570,6485,1224,1787,551,5793,9158,7044,1454,6683,5111
8135,4122,6883,6594,5712,7160,6501,4836,2550,1945,3545,8716,1425,8809,4757,965,9313,5861,10066,9715,4637,7077,1231,1811,3803,1196
4501,7960,8718,9182,9383,6699,4366,8067,9796,1264,5154,5375,6521,2663,7349,7716,2094,6573,5288,2861,3638,8634,6368,5481,361,6506,5740
1658,4935,1232,8806,9980,4008,6191,6163,4190,3629,8761,5155,9373,9926,8360,8969,1318,4819,2709,5001,9018,4941
9330,5096,6888,4282,4800,1353,9359,3020,8911,2338,7278,9101,2827,1162,5382,3234,3115,9736,2954,4329,1625,6279,6366,2583
6471,7178,959,318,9105,6182,1895,3548,608,9233,8326,2135,5601,1445,7022,4353,660,0,5460,6343
2287,8066,2278,1614,5280,4864,6083,3417,2869,1351,4997,9186,2558,5434,3757,325,4870,6457,5549,6676,4720,5585,9460,9306,1001,2498,1642,781,8380
8880,4364,9746,5704,3781,1993,4844,71,7333,712,4416,438,3544,5962,369,8924
6733,4304,5180,5028,3229,1150,1853,3301,103,982,1531,4843,8286,9255,2907,9865,346,5605,3281,4102
4686,4061,8064,1216,2754,3086,2719,3772,7411,7649,4204,42,4195,2834,5539,5675,5435,3187,2074
3153,5636,9099,2891,5628,4674,4577,4435,32,8312,2040,5516,9117,3938,5948,1278,8625
1949,6416,277,9230,9393,9629,4160,10031,8958,9227,3410,3041,7,6827,2230
9112,9658,8367,8543,6715,653,472,462,8335,461,2982,2200,8202,7631,1061,8989
5562,1802,6033,84,9360,3543,6634,3046,7717,3065
8106,5561,1626,7443,4342,313,10032,259,1048,7995,7357,7677,1996,7820,2616,457,4118,427,8805,7453
10103,8844,6370,6744,4803,5609,8517,3742,2969,111,2114,888,7981,1336,8731,4196,2837,2026,6630,2510,9194,1238,830,6618,8242,5035
9062,4792,8208,5038,2404,3601,1321,4053,4863,1016,2766,4029,6464,4640,4719,7154,3885,6626,6993,5115,8712,9352,10058,9695,1407,5428,6732,9303
7436,3508,2620,5324,5245,2637,4011,5401,3085,3842,7014,6610,5436,1330,2109,6374,6311,4175,807,5022,6877
1667,1907,3284,790,7173,9317,8084,9967,9122,6426,1205,9180,7384,2247,6309,770,9862,5040,7260,159,8956,1646,5632,3656,5404
5325,9805,7774,952,9294,7375,4414,9042,3075,6271,7640,815,3447,9558,7541,274,2787,3752,9467,1420,1664,4026,7269,7874,72
7422,696,9729,7223,7085,4507,6879,2435,355,7841,2574,8035,9166,682,3918,5765
4062,1302,8115,8886,508,4212,4657,1513,7738,2763,7010,38,2704,7827
4086,6994,7882,9264,7009,810,5913,1129,7603,6957,903,2285,6552,9688,9731,4419,9684,1604
3289,408,2643,3240,4901,2407,2776,7370,7624,50,545,5880,2090,2579,10087,7807,9034,9846,1416,6750,3212,4925,3573,7965,6284,1114,8768,7614,157
1149,7201,5284,8925,1634,9124,9863,7115,1968,3927
8529,1257,9667,6384,9995,6542,1130,8070,535,8846,7273,5802,7403,6175,7693
8447,2598,5203,8471,5283,5392,8599,7100,5702,611,849,1415,1273,622,9070,9065,2813,1056,492,5661,4568,7282
3895,8159,820,2593,33,9653,9638,4814,1516,5633,5320,8300,2995,6814,3354,9076,2613,6494,3733,6215,4318,6202,8377,2761,8998,10037,1138,838
8262,5063,1595,4851,6663,6237,5289,6654,3069,7270,8938,3549,3589,6275,8370,1941,8639,5463,3109,3338,580,5843,4585,7853,1053,9562
459,485,5623,5462,4567,1472,4220,2957,5568,164,9150,5903,9377,8729,3384,3457,1556,7321,5267,858,7393,1805,9585
3705,6312,831,8562,4082,5730,633,6097,2876,41,3767,4025,4309,775,1247,7927,3671,2412,2290,3888,8934,7113,9445,6231,9276,7578,1035,6335
6336,2184,7170,2683,9824,3479,1241,6907,8619,2682,10068,5198,7501,1507,569,6012
6103,3893,10011,1899,3527,8124,737,6684,624,9587,2166,394,9797,4879,3756,2667,9732,7912
7431,8487,1686,3884,8776,4717,5776,7138,7109,2341,2448,21,9813,9419,2237,2177,2993,9046
2084,4231,7316,3146,8392,5472,7020,5666,9485,8827,6964,8537,7136,900,6818,3989,7001,7293,44,8452,9175,7762
10082,1223,9962,8791,3365,6949,8738,5998,7179,5176,228,324,6890,7430,990,3593,979,8275,6700,7428,4654,6782,3569,9108,6481,4626,2115,2461,5090
1289,625,1825,1835,1325,3445,6703,1707,7609,3617,4699,8412,26,8021,3408,352,5838,10120,4583,7317,6842,876
4923,4236,4087,647,7617,1654,6156,1517,4472,9928,8812,6101,6845,2082,6672,5864,7562,7456,8111,9881
1824,4349,5085,1406,2410,6143,859,854,413,7140,7855,7720,4726,9405,6221,2544,2296
725,5553,6716,2383,6680,9758,9944,1662,3719,9245,10084,4811,6405,6652,1222,1607,6528,7556,4980,9891
202,5654,4725,8169,8994,8589,8854,3226,4003,5043,6246,7571,5727,4469,9187,2938,5587,331,8705,7524,4247,2173,1215
6376,6643,1502,1984,1317,9403,6793,6598,8528,2670,506,3659,6455,2885,877,3224,4946,5018,5458,5583,4418,4340,5599,3503,7339,3396
174,9127,1417,1039,9094,9990,697,8752,9698,5559,8966,3047,5911,1201,5229,1080,9690,5683
8310,5323,8920,7917,85,9029,1491,4281,4600,8375,2222,150,108,4971,2242,4429,5617,3083,2570,6100,4445,3164,301,9226,1969,958
5876,5148,9586,4676,8607,3082,3363,7634,6406,1233,1493,8241,829,2865,4272,3104,7773,7305,7652,8757,3945,10133,2354,1817,5747
1998,3315,2120,3253,8397,10088,9088,4389,7600,3917,9950,6181,8418,8881,2077,2805,8229,9553
2201,342,418,5947,348,9133,1515,1526,5709,8981,2886,6298,2394,9885
9971,3813,2450,5983,4406,3505,1655,1340,6293,4168,2604,1473,2985,695,736,5087,1995
4738,708,6188,2348,7429,6301,4525,6415,1788,8771,784,390,7708,7996,9623,89,3402,7244,5122,267,9002,7901,8244,1349,8569,9712,6364
5811,8533,2080,3090,8941,6249,3302,9867,9412,5557,9135,2022,5971,651,9185,3597,5548,4221,964
8270,734,4652,8414,8331,3277,5112,6770,5243,1636,5478,2638,1569,8868,2958,8292,612,8423,1576,4152,75,4482,2820,442,4748
2540,4273,5768,3691,7124,2851,3896,3391,8664,6165,1116,4308,8901,5489,10132,505
7570,1400,7266,9012,5292,9017,3415,1210,7255,7862,4310,9168,9291,6460,7629,127,9687,6352,4898,9428,4105
4846,6820,5413,1988,6728,2293,7230,1725,4773,5966,145,8790,5487,1470,6307,2770,2721,1940,7323,2936
3526,3716,9906,1923,3216,3576,928,4397,8841
1107,2321,4856,2606,8617,4207,1882,8263,7696,2436,2281,8877,522,2024,5296,6340,8056,4602,3715,9784,395
5092,8317,4977,4257,4045,1180,8182,8896,6002,3951,9722,6093,4880,5924,7940,9747,3424,5896,3308,8297,5027,1045,1419
144,7507,3375,8481,1932,1886,3325,3709,674,4171,1847,3794,8469,4948,1527,5664,583,1764,1243,3922
236,5773,2835,658,9668,4188,10139,2916,6154,6544,1666,3361,9490,1287,7243,1804,1845,8387,7324,7372,1261,4842
3288,4165,8446,6583,3039,1212,6433,3204,7345,2657,4498,832,2401
3118,6790,6510,8773,8703,8914,1418,2116,7583,1603
5536,2165,4716,6107,6849,356,778,8730,1391,765,2543,3565,913,5657,5688
9789,2167,5424,8988,7185,4666,8100,5445,4066,9252,5653,6266,556
5832,5213,3932,9048,6835,3538,3163,4536,5091,6965,8873,3822,67,1826,1770,1140,8435,1049,5368,7725,8123,4944,538,4620,8856,8834,4166
6878,5909,393,7961,3263,3103,9612,2872,2005,7569,7615,8427,308
6813,6894,5543,9806,3062,1040,107,5578,3102,9153,664,2672,6834,6070,4907,2758,8477,1892,4072,3699,6144,7216,3886,2408,2697,8603,11,5343,9774
7040,2295,1647,8455,9646,4970,1568,9657,1320
6675,8357,7668,4104,7682,1800,4005,7881,1542,9602,3072,5939,7801
9368,9407,8184,8440,4287,8871,3890,951,2926,7240,5656,5993,751,247,10102,976,2555,4136,1529,4751
4621,6646,9349,4861,6914,904,6036,2119,1972,5437,4995,5274,1220,3894,3737,744,7509,1831
2942,1348,8187,6920,7073,5367,5930,1059,9697,4538,4783,9626,4840,7893,3110,9750,302,4174
2355,6868,6050,7101,3933,8141,10116,6393,7711,8531,3804,3323,8217,5753,4039
8538,1217,6319,5679,3542,9932,5676,6636,866,6897,6902,2765,29,3525,7466,8807,7654,109,6775,477
6901,1075,3400,3604,3489,4544,7059,2504,3272,4702,3459,6686,3961,5842,8953,9195,7746,7021,9309,6810,2363,3382,2427,3714,6346
6404,2534,9189,6833,10138,5804,6177,788,242,6269
2465,2328,4705,6596,5279,5522,2179,3598,3219,2655,5301
9213,160,9631,4453,1898,3160,6344,6777,5707,8921,4332,2139,6867,720,6950,1466
7271,5784,9385,2275,3913,8253,5529,1894,9761,5731,9223,9527,7690,6831,2423,5452,9864
3970,4669,8350,7259,703,9197,3179,2640,6704,9548,3784,3564,23,6826,3953,6762,1089,7235,3127,6217,125,6273,2183
5941,8376,3184,3962,844,8936,6947,3385,6581,2519,6530,306,8620,2320,6515
1136,9016,2440,8156,1159,2064,172,8651,2362,8022,3108,8436,561,2611,6,7490,94,8638,8401,135,131,3322,6738,1328,2329,4173,1974
7037,7515,4531,4135,2225,8325,6219,149,3635,5002,7030,2021,1022,27,3882,8598,6297,5081,7459,4337
8015,2137,6992,9547,4841,7043,3066,4839,9351,7188,6225
3152,9408,456,2746,8942,4325,2308,8062,2209,1474,7102,5901,3113,2572,2949,81,3453,9262
1645,5419,960,7523,7802,3063,8657,2092,6870,8923,2794,7232,4767
5285,5303,911,1737,1579,9326,3965,8675,9229,7932,7986,4765
198,699,3649,7852,6131,3461,4687,7120,5999,3788,7284,338,9481,3299,4831,8530,8715,4479,6317,3835,3535,4068
5893,3997,5986,407,2780,2588,1970,994,292,7253,557,9052,4264,9260,5915,5914,9633,2419,5771,2358,9896,6912
3655,188,3653,6354,1000,7795,8519,6767,2597,2340,3214,4912
7151,6430,2681,1146,4678,5455,8029,9020,791,6840,3969,1955,3029,2258,1751,9493,4610,756,5423,3955,9388,9808
3584,8637,8460,2059,4786,8086,4578,4909,1594,8083,7825
5352,251,5331,3524,7379,6503,2213,2665,4770,9141,2160,3001,10019,3702,1776,7859,7750,6913,1083,9757,4630,1687,5277,6917,3839
5391,8235,4671,263,7705,2134,7799,4377,2525,9212,1863,1823,3528,3628,9549,7441,8230,9737,3260,4489,3511,4302,235,7761,6974,3574,9050
2205,1281,8714,9719,2187,8352,7289,9085,1193,1720,7434,6526,4269,5929,2549,8497,3159,7735,7911
9749,7709,2474,4284,5799,4088,8221,5336,9154,4890,1178
7336,4180,6252,8393,7612,1074,1584,1846,2047,8075,9210,8474,8282,4825,3609,4684
2645,6031,5099,2584,7334,5995,8699,7997,4235,9143,5313,5827,9263,6871,10070,3266,5575,7900,7401,7813,3811,6662,6023,1316,6447,892,4121
58,8614,10129,7889,5801,5140,5994,3764,374,6008,6042,3879,7688,4089
4724,8865,4388,1068,4972,7527,3435,487,2902,8373,1312,4644,3232,6048,4529,4194,5651,5215,3810
3552,1494,2903,2266,6977,9045,403,2434,1609,6079,9025,4037,7702,4268,1186,3007,5061,4491,3073,5469,2088
8119,4038,5496,3117,5869,5595,677,3021,1631,8239,7142,1920,9963,6338,5151,5992,6929,5912,6516,10,3071,1135,955,869
7360,443,6073,2240,4134,533,1914,7511,9032,6953,10043,321,5520,6995,2464,5412,4847,7204,4410,7066,8167,4383,64,4228,899
8785,884,6508,6755,8358,2833,4230,1007,2298,8144,5782,4629,7979,2927,187,7402,5256,9155,8463,5013,7864
3785,8443,7903,10049,3304,1498,6697,5250,1242,4323,6741
6628,8915,2314,5711,5405,1743,5492,8257,7766,2163,5456,9292,1099,7407
1393,2016,3771,441,3130,804,6314,8288,8523,2658,5011,9328,9663,6420,4500
8220,8033,6086,9578,2933,967,1683,738,2219,5239,3684,2070,2343,10056,1879,8269,2294,3846
6120,9826,644,4355,8043,5178,2688,8948,9355,9120,206
8484,2487,482,1375,5451,7302,4539,5179,9903,8005,8512,2375
9507,800,1714,5933,3776,1291,6694,5420,2452,6467,2718,6442,258,6089,762,5612,9242,5252,2208,9777,7322
3940,8903,709,5466,1746,2313,4883,9999,5572,3637,10009,7740,9970,3105,4439,5613,7256,9743
7504,7183,2347,9207,4475,5630,2668,8767,3093,9321,603,8635,7803,6760
5329,586,9391,1269,7274,6919,5805,3488,8819,777,912,8710,7139,4259,1438,6708,1154,420,9224,5667,8140,5192,4177
8222,7899,1589,10125,4742,2750,2970,9190,4824,6939,8186,3586,6098,3326,8299,1552,2839,7359
615,7395,5960,1822,8185,8058,8196,10107,163
8050,7988,10026,419,2490,2365,3820,5431,5963,7537,3387,9067,5885,4562
5898,2547,6809,5618,8236,7588,5128,1786,9136,9265,1841,5450,2856,1307
8677,9331,7214,1369,645,6245,3906,6043,1530,7913,3395,6746,7840,4920,6044,9219,7462,9919,4052
1877,4431,2176,9423,3758,4787,389,448,9580,4576,8020,7816,1018,6825,9899
4700,158,9304,7990,7318,2968,7835,5187,1597,5380,4957
9543,1166,6204,4286,8793,99,6032,447,3422,3920,6548,8080,6702,8899,5854,3390
304,4246,7701,2138,96,3008,9089,8870,4448,8382
9420,1818,922,6397,5800,6209,7782,7972,3722,4845,3172,8346,8053,5212,1477,728,7149,2533
5448,7344,2906,2732,8000,3035,7700,7906,4044,8110,4493,2117,8302,6613,5442,6437,7885,9472,2699,340,3337,10098,4519,8947
4691,10050,8667,2311,2316,1337,4324,4508,3623,1744,2337,5029,2803,2523,9208,6633,2246,8613,2879,6019,9850,7860,2626,8190
8143,4109,3342,3765,2250,891,7376,1881,8944,9237,5845,499,9371,30,9744,7332,8739,2799,5824,5607,9494,2897,2381,6292,9957
7279,9079,5034,5708,3268,6892,7331,1064,3572,4450,6624,2978,4735,2956,8910,3087,8636,5306,4222,8963,7611,4631,6378,7908,8264,8704
6128,6484,211,4074,6881,6277,8858,4354,3392,9458,2387,1290,1960,3563,7414,1674,3868,7432
46,8786,6642,8168,1384,1601,8368,8527,2843,840
621,6961,8225,7208,7162,7559,1207,879,6400
1661,2148,8157,1093,6014,6058,9607,7818,1709,1030,5756,305,2433,598,9897,6721,8207,4697,5233,6047
5347,8173,3561,2468,197,7067,3024,8829,8112,3530,2998,4638,786,5366,6208,8745,497,6227
5468,7233,3975,9116,8777,9015,5943,335,531,3262
171,6655,8134,2036,8488,2265,1663,9280,216,5149
4930,5093,1344,3501,835,5717,2204,4459,1688,3209,4107,803,3044,2651
7495,3734,6315,166,9261,6371,9132,3988,3559,6432,4095
3624,1347,8301,9676,5156,5432,3689,5167,7923,1559,165,5952,2264,1471
9329,1010,5682,2687,4215,1839,436,10057,2966,567,7868,3808,5417,8002,2734,4117
7186,512,7135,4679,9218,2170,5098,8149,8273,1795,7734,2472,4966,6463,7659,1097,7394,8122,1738,3608,1422
3873,9439,6952,9209,491,4351,3177,4392,218,2713,648,7364,7246,2051,3815
8750,5491,1912,2548,5764,2563,3841,9286,9401
3686,8365,5286,9392,4885,4569,855,7823,1692,5185,8740,237,6069,4904,1851,8082,10047,1444,4612,6171,3619,735,6166,5586,1456,7742,7675,729
8170,4926,4376,10141,480,5159,2268,262,7300,1350,3150,10013,6768,3393,2185,6984,8475,4028,423
5079,7047,4516,973,8822,9787,6765,2241,3571,8416,9763,1796,3362,8975,3658,3401,6117,133,8243
9104,2676,4430,9773,7487,5310,7114,5761,2244
6559,3853,7389,1069,5751,8737,2641,8472,9772,3178,3060,1757,1957,9947,5064,6543,3440,1036,311,7622,8104,1055,1401,9701,6184,9031,3218,4214,3678
7561,4806,3504,9670,5588,2385,9775,8054,707,604,4012,1274,3947,4244,7585,3643,4276,2726,4352,8743,6865,5108,2642,8028,880
2284,2503,6468,9271,9103,1435,7421,4042,2705,7133,1641
1253,4558,7337,3297,7210,1476,3532,6855,7220,1628,540,6976,2159,3680,3570,8584
3101,4737,1195,1755,4789,2735,1497,2207,4854,9161,5374,4108,691,9199,5230
1773,1084,8904,3493,2863,3613,8052,2848,7973
2538,3079,9940,1313,7685,9672,4393,2855,558,9311,4295,5189
6449,4777,7018,8095,9164,2996,578,1335,5033,1450,521,435
3900,1299,1185,6055,4955,8931,8389,4633,6396,7426,8451,2078,6578,3696,6401,6121,2299,8259,4563,3858,7756
291,6262,1176,37,7513,8227,7787,8671,5479,5787,458,8833,2132,5195,4464,796,9943,5647,3460,4412,10109,7264,1060,5408,7251,7781,7362,4219,5427
2569,657,7941,7620,4821,4743,8098,4551,400,713,8279,6149,9539
3345,2696,9315,2471,3306,2600,6367,9994,4436,2388,3349,5206,9815,1797,4496,8342,3845,9555,6514,9591,507,10060,4611
7314,9325,6274,9039,3231,9446,6065,8391,1981,1167,8109,3490,7068,2459,3875,1608,6862,2698,4848,2757,5143,2095,8072,2099,7596,10069,3926,8746,7695
3464,4344,7126,2760,5449,5798,1572,2819,8916,996,3123,1715,8012,7951,5490,4311,5823,2715,8150,6172,5493,5268,1717,7671
9232,6353,5261,4775,6011,1633,9705,1175,381,2984,8960,5333,8547,8023,7268,5127,9589,3730,3317,8306,7241,7639,6417,219
6462,9694,5715,9372,2384,4197,500,117,1748,2801,6124,3770,3599
8683,4950,9236,2607,4465,8223,8721,6819,6159,5638,5813,4613,5326,9660,1356,4866,113,4271,4404,9131,7715,1922
5271,6133,5650,5169,7760,7573,3236,8935,5439,7099,4242,7907,9258,4411,6566,9246,6185,2892,3738,378,5828,9169,9882,9707,750,5475,3799
1648,6769,6679,1297,3454,4784,883,754,3990,4013,6328,1239,6255,1999
7049,8742,4868,9624,5507,515,7953,3053,404,4407,2395,2671,440,2052,1155,5721,9277,4582,1612,4808,2011,9767,4452,2653
9006,7460,2899,8078,3116,6749,1226,5560,7280,823,8439
5759,1606,6889,6427,4683,8668,2524,1916,6388,7272,1371,5785,8788,5207,10108,9875,4000,7661,2925,6450,4557,1038,9588,1622,8417,2610,848
7633,1112,8701,986,3138,723,7095,1750,5191
8741,8006,386,1954,1021,6091,9682,1671,8146,985,9942,4504,2556,1925
3936,7129,8250,6625,5204,1334,7971,10028,9786,4635,310,794,4461,8284,5069,1378,4521,2723,3904,2747,4422,9614,4382,1857,5535
2937,10097,8930,9810,7580,6987,6261,468,747
1251,9564,1951,1721,8195,927,5695,3712,9082,5875
8099,185,2860,3370,314,2034,6930,3539,3278,9535,4157,2133,668,6724,9505,1837,8811,2900,8338,9293,9551,8779,8719,141,8783,4852
5780,3223,9912,286,7423,7093,2603,6341,3834,7837,3972,6347,484,1366,7247
9989,6938,9853,1467,4248,6062,6016,5744,7728
910,8760,9840,13,1148,5426,7998,5829,1165,446,1850,7094,9538
7399,6238,9398,2093,5174,7346,9876,933,9783,2400,3213,337,7601,704,7730,9934,8154,8535,7451,8496,4667,6268,3250,3676,4653,3276
4623,5689,9988,100,475,4184,250,4619,4580,8268,8713,10123,5677,4206,3412,6926,9878,5746,4080,5262,8009
8929,5335,9546,3016,3374,6205,1218,582,930,6783,287
9779,6752,2751,8821,1521,8955,3245,2007,944,1305,7785,4380,5007,5068,4888,5433
9651,9996,6285,1374,6214,1081,8398,2467,4528,9302,4148,2172,8120,1047,2530
3477,5722,4872,3331,3452,2536,9249,7767,1157,7427,4131,3707,1769,8764,3877,5566,3458,1684,9700,9027,4091,600,2263,6893,8454,5597
3070,156,2701,9411,8734,3910,559,5726,613,9528,5103,2599,3056,9300,2217,6958,4484,8769,2416,3851,5339
9691,6330,3095,2041,1430,1986,3389,8348,8641,3291,5486,3088,2960,3874,966,3485,4530,6843,8355,1789,3190,937,2425,9022,5276,7692,5307
862,6723,95,1303,1623,999,7645,1338,8843,7461,1860,4050,4801,8728,5806,59,432,8328,1070,7283,5065,4592,8660
8831,4834,4604,6155,2512,3692,2568,1147,8133,8277,8188,3328,5446,1859,9812,7539,4570,8979,9632,7824,1732,2930,1214
5105,1599,5642,8132,4316,7112,9054,474,525
5473,3506,5418,3433,1533,4673,8041,5181,4988,368,3818
4752,9572,577,4428,1113,7722,9181,6082,5257,2777,10023,7448,4167,4643,2428,5900,9413,3763,9639,6235
3466,68,3414,3305,7366,5208,6577,1250,7144,2585,2703,2910,3180,1763,3409,6287,8076,8912,9854,410
2922,9191,9823,4326,6872,2829,8866,1124,694,3286,3912,3133,642,4712,2102,1164,8044,9833,1079,1161,6612,1405,6502,7581,6532
7757,7438,4400,9343,1677,5904,9038,7035,3556,4199,5474,8972,6649,5944,7219,4151,296,5132,1122,3107,9314,4981,4263,4873
4597,7553,8615,4958,3660,4379,1808,7013,3242,9115
4794,5812,2068,3321,178,5415,1873,3605,4589,1402,9577,5509,2101,3667,2118,7521,733,2587,6925,2149,7902,4746,809,1854,3171
3789,8885,941,5705,2791,4826,6924,1091,7433,8407,4314,233
6979,4288,6960,7950,7383,9451,5852,4554,8465,51,9167,7213,9267,6198,4962,8632,8986,9741,1244,8032,5175,8359,9764,4147,1023,5533,3648,6170
7866,8792,8027,8019,6407,8464,9679,5979,5512,3657,4764,8238,2836,2990,8566,2446,6129,5987,8074,6815,9171
537,6665,3606,5482,5253,630,6517,950,249,4111,417,4849
6739,9063,155,4796,730,5668,379,8588,8951,7713,856,4858,1766,3473,673,4292,4014,8172,3669,9594,7276,9000,7335,119,1011,3052
3551,5130,948,9251,1345,6247,3418,9272,6183,1729,5318,571,7686,9829,3498,2509,7476,7718,6115,10077,8179,6386,1856,6801,1240
1468,4822,1865,3182,6220,4138,8633,5227,2044,3621,7069,140,3703,8319,1272,1206,8685,10045,3967,8437,2877,3114,2194,7493,1067,643,3688
9788,745,1994,3826,1935,28,1790,4675,1792,3280,1927,7365,5484,1765,7815,1691,6194,8967,1211,9998,2309,1481,1977,861
9225,2782,5218,1989,7299,2008,5926,7502,3051,3952,2122,7872,4693,9834,2700,4756,5729,9516,3124,851,1651,8251,9693,3350,9447,8864,9765
3993,8468,1101,1543,5110,2991,6522,9435,8199,7723,9019,8295,4734,2380,3334,8755,6973,6493,5696,8166,3446,4420,8136,5273,9604,5354,9575
3908,5837,4373,3235,2364,8094,5146,4855,8626,126,7405,3168,8611,1433,5872,5866,4128,1891,2323,2232,7258,1221,3647,6860,2460,6359,4711,4828,3939
2940,3518,2768,7182,1806,3929,4335,7032,956,345,1017,8627,1173
4477,7552,9537,4307,9856,6839,6003,2310,1510,3614,5036,6713,7503,8495,1718,4002,4929,536,1518,4680,6109,1702,6822,7492
2648,4566,8431,1268,9093,7689,5758,3121,3640,1844,3405,2551,7983,5221,9247,2417,6706,1768,4894
9977,8408,10105,1102,7579,9335,5878,2772,6859,4252,8055,8007,9768,4191,2896,10027
370,7805,8583,2162,4021,1013,6022,3602,2918,4790,1759,2652,5786,8991,3600,4584,9921,4750,5515,5891,8650,4113,3780,8647,1557,4425,8193,9114,10094
3919,396,8595,1820,6802,6761,4598,7984,9870,1908,8804,8897,7749,70,6620,4143,2539,10002,4759,10038,616,10080
9981,1368,8980,1785,4579,3743,7687,946,2546,7065,7143,1106,9603,9621,9916,4940,8646,3017,1638,7396,478,5379,4594,6499,4258,769,923
1179,8950,270,9142,5528,1874,2396,3455,3309,6927,5291,5457,2224,8653,6028,9804,710,2516,9074,7265,4403,2262,4878,3793,8308,4704,445
9659,4437,1696,1197,6856,7768,6230,919,878,4440,6441,8587,330,4478,9520,176,5669,9738,3701,7347,2924
4664,22,1733,6448,6617,2413,2882,2291,2921,4200,8293,1724,1862,727,7613,9214,7662,3196,661
2072,9582,347,8658,4513,6773,8985,4291,2001,1611,2880,2492,3748,8550,9665
9145,6951,1442,9579,3471,4211,7056,3682,4363,544,2714,6244,8623,3726
6026,8252,8125,5024,8085,9902,637,9879,6239,4660
9026,9938,5868,2857,1071,6363,1187,7886,3537,7146,8206,6967,4548,2322
2722,6513,205,36,8247,1778,7780,10081,3523,3862,9748,1304,1,223,4176,4490,901,7710,4126,6593,1880,4793,225,7587,5223,9030,8390,9728
7125,2227,7851,9278,1087,4106,719,9216,9152,9394,3404,3514,10095,3805,1590,4280,1538,3222,3290,7920,8108,1781,2398,3740,3026,1332,7665
7538,9753,9832,1973,4527,4692,6139,3080,6254,3438,460,5166,5627,8723,3467,8724,2874,5892,7666,1298,9819,6572,8214,9560,6236,6884
6302,6821,10052,5153,6496,2098,1409,2853,2850,6988,6106,934,6283,7229,2656,4816,6126,316,1259,9354,3192
4524,3866,771,3186,4628,6310,3517,2351,8585,3352,6041,10000,8800,3553,4103,2932,6176,2507
8363,9597,2513,5388,566,5603,8046,8038,2771,1959,2097
962,6478,5527,4913,4371,1326,4178,7000,88,8374,4975,5862,7959,7887,5315,2981,2479,5975,534,539,993,7338,15
554,2350,2211,526,4084,5407,9514,10035,5501,5990,495,5503,2144,6648,4745
7150,6056,8524,8670,3943,565,9982,1365,479,766,9953,8128,3971,2335,2647,4312,6090,4805,1921,5908,2762,1544,4797,6039,1812,6561,8977
5641,6054,4303,1134,9643,795,768,439,776,9283,760,5826,6288,568,5674,437
5041,1852,9241,5009,9174,8213,9645,4130,5936,5123,9130,546
1073,6668,2130,4278,2689,5152,7157,10024,6795,3620,9809,9793,2369,5938,8114,6157,9222,488,7678,3423,3357,8574,3847,9448,6928
1807,4829,353,518,7783,9920,6045,1132,469,1777,5895,1910,1020,8480,2811,6996,7455,2802,1411,5772,9080,2824,5071,1228,6689
3644,8594,6333,5634,6207,1168,3068,8575,8813,7041,8781,6942,4688,7442,6791,7467,7910,327,9113,5066,2862,3230
415,4983,5965,3185,7814,1311,3668,4947,7557,5400,10091,2188,2793,4036,7444,9895,7446,989,1919,874,4358,9686,8882,8959,6488,6425,589,3998
4648,5353,4708,3145,7564,1188,7595,6135,2223,319,3698,8973,5371,4812,6423,837,8191,7892,5425,6962,8835,4830,5308,65,4945,5920,1931,8784,2156
2302,7946,7463,1947,1324,7792,7381,7670,4054,9327,7252,3892
8694,7296,9095,8965,850,6935,1833,1749,9518,6145,6726,7532,7831,938,4534
2943,4564,9628,1875,3344,929,685,5084,24,9860,8618,6053,3979,528,6241,9342,399,6324
6419,9011,2366,4233,8954,639,9421,9848,10106,5644,863,5807,3442,8248,9266,5054,6719,6576,2379,4075,334,3790,3557
10053,8209,5219,7171,9312,8709,4341,5658,8438,6948,5530,136,9984,7836
6291,8419,6956,10063,4387,2218,5231,6332,1397,7594,2104,5414,2553,4910,8983,3533,914,811,5834
6480,8708,6603,4046,5332,1690,6558,2708,6326,4552,6063,1772,493,1284,4368,6061,5718,4480,8153,9429,8294,8148,7286
1194,2259,5850,9013,3695,2466,82,5833,5884,7089,3487,9778,8265,4116,2145,6337,957,4994,5847,6787,6080,8536,3610
4581,9324,3128,4710,767,8943,3642,2349,9550,6727,3018,1486,6201,1727,3887,860,2541,3595,9563
9081,9477,8725,9892,8917,6431,7413,7638,3901,5365,9469,9530,7141,9211,3762,5241
8887,4476,9739,6487,9106,4338,887,5931,8961,1503,2594,384,8516,9818,3025,1152,896,9234,2020
1588,5592,6693,8957,4185,3891,8662,3058,9503,3468,7078,3484,2680
2069,6797,12,6944,6040,3991,3426,6597,1189,8673,8442,8555,6906,1540,812,6661,8048,3311,8577,9760,8832,5680,1679,4099,908,2462,1536,893,1950
1635,9511,3797,5697,377,1255,10126,7697,8559,6281,2458,1843,2702,283,10104,9759,6234,9176,6472,1131,4313,2499,1280,1295,2878,7301,5135
6880,7555,1713,5476,35,2669,1936,5723,2235,5940,10085,5860,3626,4129,7437,8539,3119
3710,7608,8215,2267,9305,8735,6403,3513,5395,3633,3881,5830,2454,4505,1801,6196,7544,4360,8525,7914,9742,3030,2545,895,5571,9702,3956,5737
6730,6304,4481,3258,2537,9023,8736,6823,2270,7826,6402,8851,2730,8999,1177,2356,6421,5281,5735
7810,1570,2526,5196,3381,4094,80,4625,9282,6224
6151,3157,1126,6206,8836,7218,280,1236,6001,6443,4685,8824,10054,943,6248,5794,6074,9449,7551,2810,414,1077,4766,8672,1541,2887,2677
7163,189,3999,3061,8466,6007,2477,2744,2999,3225,9382,5244,9960,8898,2845,6329,4132,8456,5681,6537,5742
8473,6418,8659,4405,4198,1385,3854,1182,7904,9655,3330,6667,7488
5673,3852,3744,6580,6969,9450,2195,1504,5684,3251,3472,5652,3336,9890,595,4251,4791,2980,8825,8324,5610,3666,4733,5356,6551,4119,1319
5629,8410,9147,1665,1884,3732,6830,7184,254,3255,8778,2370,5672,6118
4532,9956,6608,1086,1627,238,3143,10033,739,4561,3928,10008,7350,9217,2870,9794,3194,9250,2629,3670,5171,2010
6997,7858,98,6553,4897,4549,1314,1306,9075,1413,2557,10101,3800,8609,7005,4523,8706,1072,6300,3237,7751,690,7209,2153,8383,243,2326
9752,3747,3238,817,8643,7714,7050,638,10090,7046,1171,8254,1673,6355,8605,380,7958,6895,6748,453,4179,105
214,2898,10003,2963,9510,7819,1169,7211,7097,9568,162,7320,5789,2740,4456,1412,3207,5614,2226,9442,9172,2089,7378,3690,4809,5626
8103,9552,1276,3293,10121,1499,3429,792,2973,8906,8260,5769,3310,4330,8578,6147,293,1429,2904,9231,6259
2841,2727,5384,8621,4433,1111,5147,9177,2866,2196,1439,5698,4345,3825,5328,3837,411,7954,2303,1731,2096
6278,300,6876,8399,5260,7087,9193,5440,2987,5109,5706,2660,1033,7290,3112,6550,17,5118,3665,4391,7254,8984,2147,7663,1878,7778
3480,509,9497,3175,6757,1976,1050,8425,8354,7625,5242,6327,3282,5639
1676,4100,6226,6857,9869,1293,1465,5643,4762
2164,6000,548,3028,5359,5046,9883,2577,6650,2807,4320,6013,9622,276,8151,5955,5237,10078,7861,8486,824,3141,3819,4928,7592,9008,902