3303,8585,1943,6601,5074,2163,9153,1938,5386,322,5372,6341,7346,4249
9623,6486,5011,5931,8401,3070,6556,5432,2885,3860,6469,8770,7224,3752,8974,927,634,765
9410,2717,3426,9650,2906,3104,8616,6299,5424,5419,4131,2331,1594,8880,2114,792,9903,9634,8405,9669,8591
2503,7773,7817,9854,6411,9664,6323,6926,3809,9601,9514,3255,3522,3234,8424,5406,2443,9910,3012,9586
8723,9660,5246,6949,7408,9381,1097,10019,21,2633
1893,6523,910,9755,1874,266,8646,5255,7553,1554,4995,9304,3951,2039,1910,2744,7532,2710,2618,1334,3211,7391,5771,6444,8322,5644,9406,7624,4900
2925,2067,7269,6253,3321,8711,2974,4588,5936,9123,8575,4664,7146
4214,4745,3039,2777,7649,3095,9693,7600,8319,3362,8169,3291,6343,7765,1410,916,9404,7470,5319,4045,7861,9974,8375,3,33,3240,2123,5495
709,2410,9588,8796,9960,3126,4699,5828,2284,8960,5468,6503,4642,4449,7777,8904,1724,8881,8572
586,8823,9915,9604,262,2646,6209,4704,9717,2511,1564,7316,295,7323,1207,1489,1462,1487,4697,7779,6768,1758,5636,1887,6829,3992,3076,7348
2530,639,4184,5204,8117,7505,4668,4977,1870,737,567,2154,3026,7268,1622,835,4479,1618,3078,7619,9968,1494,2404,192
8170,9124,6835,7297,107,7393,1468,1603,8408,5848,3884
9952,6561,10018,5798,2074,3804,4112,4209,9487,1202,2781,7681,8797,5298,8845,3508,2432,325
6293,9855,2321,3503,8267,7222,3814,4015,2330,7498,1972,9451,1680,4175,493,2403,5719,5152,109,9666,5986,5479,6098
6908,9945,8714,5135,9232,2424,9878,9573,3816,1204,4316,8021,5830,3260,5343,5423,7818,454,8737,2802,5242,6685
7658,4518,7562,4778,3877,4827,7840,7551,5584,4240,1012,9843,3723,676,5967,8368
1022,6279,4860,5402,6103,665,5362,2762,976,3353,9492,9260,8547,5500,4285,5458,8422,5210,7125,519,5345,7807,3106,5933,3238,8805,2353,4713,4088
4882,6611,2430,9659,4607,8152,10098,7548,2356,8531,3605,4234,8942,10023,5509,5426,4034
5494,5524,1849,3960,5905,4279,5877,8191,6620,7157,5192,4142,5804,5460
1466,5383,4468,5083,338,1374,483,5021,5381,2795,4049,9174,8198,5003,4141,145
1752,4640,391,1500,6137,6861,8521,3742,2190,3574,8900,1864,3543,8553,7837
782,4731,5628,8237,5687,8040,341,7961,76,1110,3745,6819,8397,5323,2473,2678,3525,5735,984
4424,789,8566,4462,1653,8560,8679,7228,5341,2636,3597,5206,7714,8418,1289,10106
1744,4694,7378,5656,9740,3296,2066,5751,3703,4914,9557,10086,1175,9495,4671,980,1892,4320,7847,6855,5448,6379,9464
2627,3793,4825,8643,7938,7622,2902,2532,3103,9023,4117,2751,4753,1795,4898,4984,7611,9944,1365,3210,2552,9306,4751,2994,9882,8494,6186,7036
685,5286,2456,5089,8768,7383,7434,7843,8493,2882,9318,9670,2816,1863,1339,4222,6387,9613,9704,1681,9984,5415,42
4096,5551,4531,8026,2826,5772,1524,2472,1627,1517,8454,2265,5266,446,173,7488,298,6922,6492,8376
3237,3219,5996,8217,8839,3866,3946,8311,9579,7544,4476,7671,8157,9386,5758,7191,6256,6973,2448,10108,3184,5934,2549,3494,5531
473,8436,7385,4124,9994,6662,7329,3949,8721,10064,830,7430
6934,3637,9364,1391,1765,4672,6858,4797,6724,2634,9461,1193,4199,1529,10049,8580,7584,5187,1820,7558,6555
2166,507,1320,8228,7672,3013,8333,9655,7171
7232,3477,3381,2629,6770,4161,7612,9621,6271,1061,9116,3324,8633,9166,7058,5249,5683,7175,2204,7207,9289
3919,2518,66,9114,3169,7691,4559,4208,2211,3357,7590,4521,6761
2083,1538,3138,2727,6251,1128,349,6272,6781,8523,6074
744,8207,10016,1295,4105,8259,5901,2014,7198,3373,4387,9694,1389,5574,9692,10079,6810,7386,2914,9965,1019,6158
7634,3807,1170,3346,3498,3651,4544,7174,5716,3923
2186,2920,5476,7387,9925,5999,8584,8993,3044,2177,8448,8165,5277,9274,7999
3491,8308,5528,7453,4438,2597,3873,7873,5377,4176,6595
1356,1087,1934,7140,9665,4973,7079,3834,5431,8446,9840,1951,5072,2040,1247,6615,2613,3835,3837,1054
6814,3870,784,6390,65,4994,10031,2358,8807,7338,5784,3170,1691,3292,7533,47,2756,3033,3562,1,3314,3821,4030,3298,3594,9959,1310
4524,9778,8535,2289,5795,513,9955,5832,7851,2159,3885,5265,8936
2722,2398,8349,2935,1067,4441,2928,3389,5721,2834,3786,1792
147,2486,9748,2987,143,7806,362,426,6061,6514,3086,5880,739,9212,859,4873,4408,1884,7674,1139,3626
8156,8760,8844,1869,2983,2630,6857,3755,5744,7862,1453,531,6602,5167,9382,7300,10050,2770,7664,8486,462,161,234,6986,3336
9099,4393,3613,6707,1769,7526,8098,4094,8072,5860,1616
7440,4251,546,9210,7718,6281,10083,562,640,9268,6841,52,4767,4341,5702
7234,7091,549,2676,9354,3634,2256,8570,8210,246
7581,8174,3329,8107,8728,7184,2990,9469,5690,1709,497,9521,6804,2367,6039,1875,5079,8149,7836,1333,9852
3680,7327,1901,5955,893,1779,1461,9037,3124,7580,9663,8419,5491,24,9970
256,1312,1008,419,2921,3315,656,1900,10127,6474,748,9550,9070,613,6202,165,1578,7423,9470,3016,1211,5026,9465,1477,6593,5724,342
7707,4585,4070,1847,7690,6226,398,2798,315,7462,4879,6118,1409,9544,3102,3683,1491,7508,8713
1366,5582,6821,3983,8370,5605,8027,6955,9241,2259,8829,861,9130,814
4254,3178,7764,9678,5392,9574,7613,9687,1826,9590,8314
9152,9046,3203,7010,9424,4460,4357,9101,1445,8506,8634,7699,1727,6970,9570,146,7190,1406,1434,7421,2818,8653
2032,1909,15,6928,2585,9701,9533,7721,4683,6461,6612,2337,5410,1661
6155,1705,4861,3202,1463,6478,8940,6375,8971,9369,8241,10074,1437,1023,6316,8968,7820
7985,5258,8716,8071,884,9609,6259,6179,7666,2820,3945,2865,5682,2384,6456,417,10069,1444,4781
9307,496,7307,633,1817,6458,1038,6037,5820,3909,6418,5704,4957,9301,3547,2894,3449,9502,328,2604
4488,8860,4511,8514,1045,6011,1199,1615,7829,2399,2677,6751,3008,5482,6228,9207,3997,2341
9180,3606,4308,8288,4342,3456,644,5173,2288,3673,4904,4933,1734,2772,2380,521,4538,8345,6669,1029,1716,3782
125,3277,1239,7534,9818,6459,1474,6406,6764,7722,5073,2793,9872,4492,8678,1961,209,5661,5888,3495,8190
2889,1311,8421,8519,7454,1802,3537,5329,5104
10002,1997,7242,4806,8306,6901,1277,6090,9140,9490
6077,6519,5168,2502,10063,9251,1828,7815,2156,4519
8788,7432,5743,7694,9786,9206,3895,5834,3077,593,5971,8563
8757,1245,9503,5031,5924,1040,1889,4690,3227,4736,444,6344,5757,273,7195,630,7304,4919
631,7041,6495,5198,8852,3046,7799,1195,8853,9193,2833,9967,9566,3787,5694,6671,1396,7713,4606,4414,8744,7822,667,6779
6945,1432,3621,3875,1857,945,332,6372,6425,5001,1723,144,199,7086,2788,5898,8801,9368,1568,3573,1687
3965,8694,7651,2986,10133,4653,3590,2959,9884,6420,2896,7559,2741,6895,7056,4784,247,7525,8573,1999
10041,2742,8168,6147,5764,5012,5619,822,5207,1575,8461,457,1891,8395,7436,2221,2092,8769,5041
2985,9776,3686,5124,8822,2571,3831,6383,4052,3056,2761,431,5143,1459,9909,1559,4453
8779,8773,7179,5100,5568,4506,3820,7546,4169,8533
626,2956,9697,9723,8011,6051,4637,5637,8305,4196,3023,3009,8579,1692,3697,8564,6733,703,8004,6966,2438,5594,1416,6054,1167,3232,1981,2937
6891,8316,5791,4284,1228,7230,6736,4795,2605,2064,3734,6246,816,9975,9758,2187,9618,6434,6867,397,7759,5667,9334,1260,2501,930,9997
29,1601,6439,3509,8024,8526,7846,9433,1265,3445,4782,380,7034,3566,5029
459,9725,1988,7567,4586,5847,3432,5361,1991,8924,3556,2910,837,5684,785,2348,9801,2912,6560,191,3549,10058,2874,2509,10053,4244
180,2311,7749,9995,6289,1935,7120,2209,9635,1881,141,8710,3902,9204,5440,818,2274,6571,5559,422,7142,1913,91,2361,9956,5989,9092,9029
5544,9879,6885,6437,4353,9072,1458,2023,9603,1504,3075,5163,9087,3950
9192,1325,4,3196,6052,8921,5290,1103,672,7537,4120,8925,1966,6766,1507,3570,3925,5245
8955,5288,6265,61,6130,4923,3844,9340,344,743,4618,3317,6268,1162,1267,4629
4224,4363,5734,3268,5727,10107,8989,6128,7197,8430,7875,6175,8119
3588,9806,8734,9787,5717,5034,1296,7798,330,8136,9335,1157,7318,3187,8837,3326,8673,4740,7907,7013,5640,3796,9397,7335,1520,9060
8313,5914,2033,9024,4379,4631,1098,6790,5973,4568,7023,441,8329,395,992,5327,1628,3285,8818,1804,5422,7183,1838,6092,6525
3657,2996,6862,1544,7937,583,6992,9313,1781,8302,4137,1930,4829,5368,3912,6442,2124,9589,6024,9145,7894,6983,4630,2270,7696,8353,5484,121
2414,2923,6604,3325,5900,10055,3974,533,8817,2701,1062,1632,4960,868,9172,6524,6961,377,4132,2019
8865,8270,3747,6927,3290,1321,1274,5819,7376,2172,4245,4063,10068,7914,5581,9005,5926,4347,1722,7804,3111,1421,4083,5118,3759,7053,4864,1293
9792,10081,7731,1079,4848,5598,5312,5084,7214,5617,4485,8832,8286,576,59,1600,4921,4598
4831,8399,2995,4434,1383,6033,1794,8951,6473,8049,3693,2976,7591,938,9226,8195,3855,4121
796,7663,2383,4146,5767,523,9682,7033,756,3139,8291,3587,3947,1286,1460,7789,1017
8115,4260,2981,5060,2133,932,592,8656,7733,741,1235,1182,8871,7824,9403,8400,750,2046,75
3300,2789,5609,2643,6028,1514,7602,7467,2011,8709,3936,1701,4219,313,8828,4253,7960
8104,2488,9338,1625,10084,9926,5552,2255,8479,9576,9287,2971,2319,8185,5239,8298,2877
7755,5688,6619,8688,2581,8003,3801,9273,5730,7648,8061,2933,1052,5058,2667,6516,1324,3309,4907,637,5548,4252,455,8548
4327,5826,1332,2167,5998,2090,171,1772,6512,9962,2009
5899,4375,1397,4286,4703,2117,8437,4429,8425,4097,2899,5655,7574,63,8046,1682,10080
3275,3378,8161,4102,6366,88,7333,1688,3633,6888,9447,6863
2021,4376,6956,1749,1301,6910,7048,2705,2750,668,7732,1657,6318,1531
2886,5496,8220,4119,3682,4916,9950,360,8100,1169,3663,3720,4029,846,1993,7499,485,221,1322,437,4787
862,6350,836,7919,7932,9841,7645,6102,5990,5612,5712,1620,7882,1283,9399,6981,1355,8057
9120,8889,811,3242,6338,6218,8783,7099,3441,5618,9509
359,1111,1563,9418,3304,6304,8623,7369,9355,6631,1143,864,723,1871,4641,7531,6540,2934,5220,5342,9908,511,5222
3577,2664,9724,9363,5020,845,4693,1914,3347,2286,3487,8497,9940,4213,1747,2765,9233,1599,5593,9420,9722
5909,7507,1763,4420,5446,8428,8691,5792,4018,8379,7004,7793,2317,4255,3998,8557
2192,5681,2891,9358,195,7543,353,4273,1950,7425,3262,4322,7904,6042,702,3265,699,2012,3212,6989,4452,8657,1337,3141,9320,4335
8855,6346,7181,3882,6470,2589,7566,7492,7469,3567,9278,6725,1449,3856,7154,2955,6232,1980,436,839,3189,10043,1659,3803,1282,8028
4666,5529,9745,131,5133,7075,1516,9425,5517,6729,4394,8240,9736,1429,3666,4575,805,5659,8321
6013,4229,4982,2714,7472,6501,5535,5583,1868,1044,6991,7202,3087,4824,2350,6962,5014,148,10059,1215,3623,4062
9520,3539,1623,3799,671,3643,9400,9106,49,7483,5274,8216,10042,8301,4569,5715,8377,7315,3779,4436
4372,9653,136,8750,2907,8451,6219,7132,3283,8179,3583,7365,873,5913,9551,3843,6405
7896,1418,759,8175,3351,3780,7867,357,5927,2093,5088,3744,2340,326,8045,5606,9419,3434,9811,9934,1572
8029,89,9799,9781,318,9374,4109,4001,9943,9126,8928,9924,7966,1689,1488,7405,3894,8256,4495,4940,4691,3142,2335,7783,6216,4998
8464,4689,3964,220,8064,4345,1005,9738,9577,5651,9076,7314,2079,411,2622,5208,8976,4507,4738,4205
4661,911,5425,5505,8389,3117,474,335,1551,9498,6402,1976,8920,5530,9788,7276,757,2753,2743,4892,7756,8502,8984,8874
2911,1499,6897,7716,9594,7371,6258,5160,1960,800,86,8478,3250,8876,6105,8407,5236,6001,896,9865,3851,4725,94,7403,9518,4417,931,3053,4983
829,4381,1229,7768,10144,8831,8037,4522,4123
4129,972,510,9848,3205,2320,1897,1448,8551
5180,2312,8073,8654,9893,2642,5273,9393,8843,9526,5216,3358,5576,987,407,1704,6206,888
704,8481,7009,2035,1588,4173,2127,9488,4755,9324,1072,6933,6060,7668,6517,1503,5035,5556,7949,7274
5497,9674,6562,4733,5142,5380,5796,2693,604,2181,1608,2991,6538,560,1957,4551,9177,8872,7516,1160,5696,4149,7527,5366,5754
8576,465,963,10088,5591,6646,7309,848,9009,7957,2510,6537,3335,4730,4841,60,2863,8758,5275,7876
333,8224,9141,3486,9252,3450,967,2252,7089,4166,3214,2110,9283,4706,7187,4838,3558,5649,6720,4289,5228,270,3916,4180,5745,7168,6658
4499,1886,3168,9151,2697,7223,2905,2234,3553,420,1420,4151,8577,3688,3223,1480,2238
2967,4425,9066,2982,4849,9452,6274,5097,6088,4233,10137,227,4774,4942,6222,3233,6394,4996,7420,3893,1443,3289
527,2178,4715,1965,2390,5352,5575,5600,4764,3004,7794,5738,5845,6894,3261,8248,4313,7510,7400,1417,2219,1268,4025,5836,1066,2913,7629
5663,3316,3963,7397,9457,5,9807,8895,8335,1308,4351,587
8522,9309,202,476,197,8474,5542,4737,2564,3561,4333,3376,3833,5294,7752,1372,9444
5433,9415,4085,8278,4185,8814,7753,5831,3608,3935,6705,6004,8172,2853,7126,7927,1640,943,9949
7279,2855,722,9001,6049,5818,7291,39,4130,7736,9248,3462,3063,8491,2137
9294,10095,2497,7148,7096,10024,4931,9453,4843,1455,5884,55,795,4537,9522,364,7980,279,32,6277,5429,9229,8247
7568,2168,5958,6737,2866,7916,6822,9365,8484,272,6032,1284,872
1720,6794,6663,2681,9483,8275,8912,6229,7273,5086,6181
5403,6828,9839,6264,7522,6164,4410,2904,9743,3081,9741,8724,5205
3484,7275,4067,1585,11,4685,1815,6508,3094,4770,1398,5902,8092,4103,123
7340,4771,8534,5658,6371,2316,9582,2651,3802,3972,6710,7133,4304,9658,2251,4929,9199,5154,3385,2527,5217
5739,4299,5453,4660,7502,7523,9314,9746,7303,4282,4366,645,3891,660,5475,7670,4243,2175,9626,8193,7426,7706,6008,1399,4758,9468
9302,1382,4090,1064,1136,5788,2071,8364,5586,6916,3209,3969,8554,3757,1246,6275,2222,3931,5750,1963,6347
6758,4066,329,6357,4871,1053,3319,3156,6430
9622,1262,4128,5646,5799,885,6367,7221,9820,9876,5780,4012,9850,1298
6303,9737,808,5063,3339,7941,8189,4072,1351
3736,2640,5846,1751,365,2262,5456,7006,4656,903,1028,4178,5155,8432,8824,4032,4749,8114
9624,3769,9079,90,2034,1232,8341,9440,6616,7973,7679
1171,550,9976,8771,8435,6980,6072,7715,4392,8878,2260,10,7963,7933,8276,9810
3660,4133,2823,9973,7102,7530,7747,6969,1155,6245,3689,6816,8985,8899,5455,5647,5648,1642,8715,9481,3307,4111,4443
4042,1591,5251,4248,7642,755,5629,389,1392,8667,3443,1092,8262,1583,7891,8947,4192,1855,3480,2136,1539,6748
7646,540,1664,3299,7022,2409,2293,6250,2496,4766,6722,9348,7481,9,122,4390,1482,9135,8065,2515
8012,9052,6355,3177,1919,8427,428,2118,3858,7738
3642,4721,6010,8416,2596,7000,4726,9288,8614,7766,6020,9137,4676,6544,9505,5869,6883,1760,537,3505,235,5948,973,1677,5050
8504,6763,7428,3306,9596,2282,1665,3694,4759,4729,535,6184,2600,1945,4080,2002,9822,3684,4114,9905,10077
9458,1654,1690,4946,4865,5536,7705,3586,7289,4626,8201
8476,8695,3541,4473,6076,6034,8150,2240,2292
299,9167,7236,4475,6695,3704,580,4359,3197,5922,7656,7152,7958,7683,2682,5334,5737,2329,4054,8882,2598,8613,6946,8347
5434,1597,9506,1309,786,8612,7929,2876,5775,6812,3569,6623,8727,6627,4343,749
8042,9641,7743,8390,3690,4554,6208,5686,5553,8000,5749,2616,9155,5523,5587,3301,5881,3483,7188,2583,1655,6755,5471,4459,9003,9894,983,5823
3192,6046,1306,914,1780,3865,5741,5116,3955,7760,733,2539,3714,8683,3980,8567,3953,7319,7354,3519,3973,9150,5994
7249,4799,1757,1764,9196,9246,8271,2170,7116,2405
5149,1598,2374,3133,8233,1261,3280,7781,10011,78,7093,6919,6958,4572,534,9835,833,4197,1039
1035,7513,617,2109,7900,3707,1576,8404,4312,6731,4382,5244,1124,7163,4883,7482,2998,8315,3143,7104
1013,9941,9567,6759,2005,9485,6948,8555,9115,4881,2457,7785,3692,1071,5147,7484,8958,1319,9305,9591,8893,4979,5477,3144,8897,6138,7978,2654,5309
4321,6479,1671,5817,2671,346,5911,7519,8075,6546,6871,598,8142,7280,3564,1384,3475,5047,865,5549,8352,9831,2307
2679,2300,1183,5299,402,8766,3279,7471,5965,8862,9376,3845,5921,8318,64,384,9524,701,4650,6896,8508,8076,1813,8885
6443,4789,1276,6904,1589,3028,4269,2370,1180,3869,8252,8153,1932,2480,7660
10125,41,6797,6257,320,4674,9747,1809,3862,2249,9532,6124,725,9729,6310,5713,2768
3424,612,30,1846,5257,8264,3585,1582,8948,405,9360,7108,5225,6793,3962,5773,798,7757,106,9223,9554,3272,495
5414,5169,7493,8280,2016,7871,520,892,7283,4742,5490,8608,7695,4555,8232,6454,8334,3068,2036,2494,9319,8079,8350,79,5356,9816,2087,5963
6404,4259,1105,7814,6683,4592,5691,8205,536,1605,3771,2072,7589,2505,8139,2004,4276,8324,7007,242,2301,3753,1866
8595,4616,4939,4817,654,6388,390,10047,421,3917
2669,9356,4106,8751,726,7444,1773,3176,8954
982,6146,3618,7572,6735,6067,1485,177,2469,1788,4735,2205,1132,2230,288,379,5304,5115,2599,9863,8552,5159,2828,4261,2915,3999
516,3131,1361,2310,3085,3149,3926,8222,8913,260,7159
1014,6943,5016,8672,9442,9477,186,5196,2890,977,6447,2338,9632,6235,4938,7830,4056,695,8500,6808,8708,6188,9198,3489,10014,3756,8786,3105,541
2790,1490,7101,1702,2909,6480,1506,5978,1385
2867,5382,9021,1778,6490,2454,7046,3828,7521,5442,635,2344,5829,4369,6182,8890,4302,3118,5942,6686,50,6432,7382
4601,5150,6065,2392,3348,3839,8348,1375,9612,1347,3897,8143,2924,2248,5128,2978,9638,6832,1177,6719
2698,3092,9862,4428,573,4116,5240,2775,7821,3971,5886,8295,9269,7372,8903,6826,3328,4204,9951,6205,879,5095,1315
1977,9510,4303,6365,770,8077,8002,6384,3754
5219,1142,1343,2957,4339,6035,8665,7952,3575,311,1100,5842,10142,3080,1146,3598,6651,23,8261,5506,1141,316,4547,3976,3412,6460,7569,1104,445
5925,6550,5059,9499,8403,5673,2548,2,4455,310,2475,3010,6887,1096,4081,9516,3151,2142,5700,386,7946,6541,3667
5708,6282,2900,7520,909,1656,2569,7571,9782,7427,4148,2098,265,7029,3354,3846,6684,6734,5200,218,187,4402,8842,6339,2931,3018
2675,5982,8022,3391,5709,4159,2546,416,9408,8099,3113,698,7106,7945
2332,3216,7948,2645,6150,1678,505,2135,2908,6014,6333,6587,7219,3207,8118,6446,4846,3057,1549,6048,6866,1238
9139,6939,8937,6713,3665,9352,4152,2659,543,8898,383,8283,7226,1610,203,2949,5810,1883,7127,4110,6211,9474,9162,10109
2655,6397,5353,8542,7506,10094,2419,2355,9279,7587,7693,2602,133,7555,3512,3887,891,6305,9384,8154
1784,1471,10075,5546,1095,4986,981,9058,1590,376,3134,2736,4225,1345,314,2053,4796,5270,2926,9981
6127,3501,711,4399,7394,1633,3888,9947,1272,5108,5997,5369,7552,8281,1858
3749,10126,4334,8857,975,5806,9869,5360,4663,9431,6056,1317,4546
2556,2173,2302,5099,9069,6288,10110,207,754,606,9961,10103,2217,7599,7050,2042
1241,4773,953,8625,8536,7893,8367,9921,8203,2870,688,2545,6167,4002,7897,7401,4127,8923,126,2057,400,6352,714,7220,82,10036,4271,3403
2601,4122,9511,3190,283,6851,783,4371,6210,7135,9441
1537,7823,7761,8192,4623,4463,609,6521,9315,3021,708,6266,4210,3181,3614,10131,8906,9298,9654,1450,867,7582,2951,1189
5092,558,10120,2223,1825,9718,3920,8733,2024,7477,6189,8384,8701,7109,4990,4636,4593,1666,135,6399,6912
224,4739,3318,3097,1033,7362,1018,7294,10070,4298,1216,4497,228,3927,1569,7561,4867,6409,200,8562,899,595,8339,7870
3701,7638,7080,8123,9182,9200,4643,4951,6993,461,5698,2108,14,7452,2339,2551,6429,5614,2056,1248,5809,3040,7947,2077,2557,791,5378,935
3471,10060,6389,8304,184,7786,8761,3147,7956,4687,102,9016,8105,6704,5201,9684
4364,9082,9636,4326,1975,5209,2739,6154,9110
6410,4750,1348,6183,886,1150,287,5802,5883,6156,871,6452,8356,1181,4100,5182,2058,7450,7692
10128,1990,7261,5787,3544,7994,8459,9938,6408,720,276,8344,9763,7162,8361,965,4483
2479,8457,5379,6588,979,7728,8365,1371,5038
5672,1571,9592,10051,9773,9311,5146,8113,9181,5797,5232,8055
5015,1464,4597,3679,6869,5811,80,6358,5660,9472,5507,769
5849,8611,569,3407,2719,9685,926,4177,5326,684,5634,4809,7331,959,10040,7054,7208,1304,5416,9867
4573,4201,6230,7057,7413,9436,3365,7614,439,9454,2062,5577,2707,5056
7238,5062,7260,2107,4024,8538,6144,9794,5465,7934,920,1236,4591,9121,8618
201,8763,1133,4895,7,7872,3978,4633,5227,3658,2661,4876,8141,409,4231,2766
3485,624,4014,5974,20,947,10090,995,9186,1359,5910,4076,5024,4624,9496,9936,7976,4839,6247,7217,9409,9515,9100,9111,1808,6791
4516,9257,9585,4487,4074,8992,8558,5331,7491,3100,3386,1390,5184,2666,2407,8702,3049,7550,1903,9071,3592,5066,103,5039,815,3188,6106,8148,5421
1190,9482,9002,6608,4922,6982,9939,2246,616,5699,6029,1436,3330,9421,1082,5049,9392,621,9327
2495,4325,2049,2716,7213,5140,8686,8110,6569,1621,7782,1486,6655,7043
4581,735,10013,5803,8187,8854,6313,8693,9178,10089,1862,6577,3082,969,600,211,4917,7111,3331,9201,1496,6117,7573,4804,3382,9136,9300,450
9824,2973,4903,1840,9798,2115,3287,8950,498,10076,8875,4702,1350,8254,8238,101,7497,5603,3514,6267,2052,10136,1710,3596,1457,662
3576,8127,9337,4752,6330,9986,5867,6950,3157,5262,7675,5726,3818,7621,1221,36,9540,104,7770,9402,6280,3401
727,5320,5018,5935,4974,3482,6227,3047,6827,5895,4010,8392,2068,1694,8282,57,6774,8959,6636,8243,6906,4549,7344,6129
3154,4595,381,6089,652,5105,7489,5855,8303,1827,5703,620,8236
5761,6642,6064,8177,8374,7350,4802,2104,3905,7322,5554,530,4947,5968,5080,43,7237,1845,4926
3914,2689,7834,4818,1112,7801,1249,8470,2393,4305,172,4203,5632,9108,4144,6006,4596,3536,4648
6053,2491,7263,1803,7565,7258,5641,7002,9565,6743,3989,4508,3258,239,8047,97,6692,5197,3162,1251,2641,6777,3932,6472,1492,5510
8068,2960,4651,7465,8084,6557,9088,3762,9628,7100,1069,1316,4145,7539,5813,1898,5765,3297,7361
4293,4905,241,8596,4532,6629,5833,6022,8263,1556,4135,251,3725,7735,1291,6660,3096,430,6300,7088
8821,6023,8582,1515,9667,7982,8366,1791,3201,8689,6876,7838,2522,7098,2268,196,9716,5639,5851,9157,8619,4889,2378,479,3859,1525,9677,5937,2264
7381,255,2196,4791,1814,4953,3750,9435,6294,3295
160,8296,6091,7859,3985,3876,2333,764,385,9512,3001,3199,7990,1505,7464,1407,3288,3559,3384,7828,6811,670,3271,1940
5923,9015,2416,5318,2069,6995,5359,8587,5412,9197,4422,2792,8,8001,4963,3644,1360,3910,18,7583,1636,2212,5838,9983,7650,2729
8337,7071,7265,10105,440,1305,4777,3239,5975,5493,6905,855,9904,9390,5951,6466,5602,114,6772,4543,4976,3130,10061,2482
3120,8910,9296,8603,5094,2366,9042,6325,7284,7241,5384,3795,949,509,3811,9595
5755,5161,5153,948,4174,3411,1526,686,8995,7129,5516,2839,1979,1159,8279,6834
6677,9906,6554,3312,7186,877,3400,8434,7816,8260,2709,10073,5988,3464,655,3302,9617,1634,6496,6750,2406,2218
8039,2044,5666,9504,3293,6079,2504,284,6882,5676,2712,9064,2690,4788,4801,6872,9633,677,9619,761,1070,8219
9779,3344,2628,2309,4793,4972,6592,7139,3263,5622,5543,8354,5036,1431,8132,8568,9500,8668,4020,5630,9996,7267,5441,9578,648,6703,168,8528
7979,6598,9272,4722,9486,9918,9828,3647,1843,5527,5139,7878,368,1465
6290,8626,4439,6528,3800,8982,3619,9888,3397,6348,575,552
895,5520,8223,6787,4625,3128,6820,7813,6332,7884,3027,7172,6563,371,6414,3959,6424,2325,2411,9979,8525,1535,8586,1984,9417
7087,3274,9043,6324,6392,9054,4886,3496,2362,7883,3610,2119,10135,9762,7439,4385,4031,6489,7625,7317,3114,2003,4092,323,9379,5815,8293,5177
9575,274,2591,2711,5692,718,8909,5670,2100,5929,1983,4156,3310,8791,827,6664,2980,8507,3002,8946,2369,4885,4265,2296
1766,5221,6491,6255,5882,5890,565,4065,4242,5580,8532,6661,1750,3088,9439,8997,4955,4710,5627,6221,7865
2695,3532,301,5179,8212,4548,9259,2521,1197,4582,8546,2787,252,4510,8953,1281,528,7357,7306,5283,9057,4461,4985,3681
7055,466,2327,2656,282,1233,8598,9702,7542,9006,7352,9221,9749,8234,6069,5313,571,8961,6477,8571,5956,2426,7016,1579,1768,9266,2215,5454
7422,4400,6813,6377,7485,6314,3957,6110,1006,2745,4533,4374,5276,5538,7509,2461,4536,2394,275,6579
1567,6200,3502,5308,2958,9770,2382,6027,5864,8537,2091,6996,5680,2045,2603
7320,7062,5720,6440,1222,3447,110,8873,6160,7909,7328,4891,175,1001,9750,2477,9606,1063,874,3195,2236,3966,1528,5418
3455,9080,1509,2567,2499,3395,458,504,9325,6476,5175,8180,8956,9456,2663,4558,7682,4084,9549,3864,5844
5521,5540,6932,8327,9104,9405,8209,7339,2169,2773,8729,6732,7874,3235,8740,5043,4563,8120,1412,5438,1106,2674,3367,4098
9353,3664,5263,9256,6412,4993,2506,7518,2824,5807,3433,10044,4264,2237,297,6542
9721,7597,3659,4028,2185,7145,6201,3334,9142,731,7189,176,6239
9978,7906,6815,3497,5805,2500,732,4639,1929,6754,6618
5390,9299,9907,6838,7343,7040,6364,8981,5889,7227,6511,4840,3061,1224,3808,10113,568,6311,7709,8919,8778,6433,7112,8732,7557
6723,7708,5511,3448,1831,401,8661,1435,1684,5759,2415,424,3457,3900,7288,2498,7395,8539
7156,1043,1194,9761,6036,9264,3179,6831,140,3101,2948,8069,6217,7240,2085,1894,8355,4150,9117,8257,8359,5621,7984,6539,10006,7791,8675,8748,8101
3093,5404,3387,1131,9513,1650,518,2139,1922,340,8490,8556,6354,4033,369,5466,7042,7153,2026,6012,5980,5226,1753,1046,3259,6806,8462
8651,5010,6153,3669,2796,9922,3940,7044,8698,9715,4404,7070,4634,1473,4728,3584,9146,3452,9948,10001,4577,2441,9184
1138,4503,4051,1441,8569,6185,7790,5564,9883,2125,3719,7659,8630,9049,4969,6436,8269,1497,3698,1149,7474,9719,471,9923,2158
10134,3257,5122,4920,5272,923,6428,9901,6649,6603
3763,3107,683,3404,4036,3069,1154,2979,7151
860,5399,8785,8911,1279,9078,2615,4087,5268,7992,9028,3175,9898,8417,9572,92,2715,4890,2015,3529,4756,788
3350,406,3874,3060,5129,2560,1402,3470,4445,2683,9096,4915,72,6400,9559,8676,5218,7712,2385,8387,715,6997,9179,6925,4421,3730
3824,8050,6531,2720,7545,7206,936,2359,3320,6119,1386,851,8637,9813,7669,1573
3540,7962,7137,1208,4211,2847,7704,7556,3767,8790,9887,5281,9999,6789
5071,4183,5615,844,8016,7643,468,7993,8007,4189,327,2195,7744,1646,7866,4821,372,1363,8227,8135,6543,285
2512,8850,7924,2458,2647,2872,2786,682,9703,9113,8492,5069,5597,1200,8664,5117,4513,4583,8357,2364,3110,904,4681,7703,8184,6340,8332,2730
1362,9989,752,8369,9094,3630,7081,8636,4470,9463,2129,964,4482,3538,10038,6647,6520,2748,6728,6586,2314,9561,1852,9134,4743,3473,1719,6799,5008
4615,3164,3984,3531,8060,7375,6386,3183,1915,4504,5930,1876,10091,1364,7196,956,412,4058,1541,6715,257
2121,4227,4311,1250,2165,7594,3929,810,3603,1011,10052,1996,7802,233,6617,6680,2471,5474
4082,4512,747,5310,8684,574,6741,4138,6269,7178,2767,526,3390,4361,1173,4805,7918,3675,4709,9333,2696,3871,6484,4115,8752,9190,5596,2932,7456
9856,7310,2780,10145,2731,1101,9055,4073,9536,3342,5662,2245,6248,4785,7299,9501,9605,6657
3913,6237,5439,3838,3228,9556,713,1218,2940,9263,4851,4314,3217,1586,7915,5604,7514,5109,6286,3524,7231
3313,7688,4937,5674,6911,81,9253,1253,881,7270,9861,6652,9744,5164,8649,8607,9957,8645,361,5827
4924,5768,8258,3819,7673,9475,9844,850,3435,9168,3267,4556,7989,3011,8774,8505,9323,1403,9170,8826
399,4959,1419,7495,10007,7841,304,6622,2563,5292,8894,1196,697,8429,6947,490,8070,666,8393,5624,3254,5631,9728,1025,9881,4732,1715,2363
1612,5835,5045,3108,1801,9597,7921,7005,736,8847,2609,6637,6873,1032,3137,3355,2391,8952,4456,2965,1016,5333,4403
8914,2233,8385,6693,4395,6549,8444,8246,9836,1501,6532,5483,8181,10037
5766,3252,3476,7745,5407,2478,9213,2128,7259,1340
781,6547,7253,2573,3215,6796,9131,6370,7433,1816,8601
236,9290,2922,8338,3758,5348,8423,2917,758,3067,3996,9194,1697,7078,2336,2130,629,111,7912
8949,2224,9225,2106,3517,6415,1824,194,7373
774,9228,1120,3221,8578,2484,6050,760,8111,3226
6407,5077,5616,4794,4948,3589,5732,10034,8475
1699,7604,1122,5714,5952,8780,563,2433,373,6084,7446,2871,7500,8640,8767,6296,2607,9662,5428,1292,1454,5289,5841,2749,9027,1074,124,4419
1931,1254,9293,553,6769,6848,1565,1049,7750,8841,5065,7608,9548,6225,321,8197,2769
9656,9593,2351,281,470,1619,5137,572,6984,2903,9803,6191,1962,4427,2474,7480,5859
4580,27,5711,6093,3705,2010,1145,3986,8610,6690,9222,3591,8044,8035,2287
6467,3638,8096,8996,9598,1086,4019,669,3180,4268
7359,5908,1811,4329,6510,3038,7487,8056,3915,955,762,9220,8990,1271,8380,6475,9766,8394,1641,7913,4171,53,4262
2094,5002,7411,7887,8121,8703,561,4448,9891,2007
4954,9000,661,3550,797,8331,628,4654,3785,8480
1987,3829,7167,3854,2096,4170,9637,7020,10033,9821,9041,8030,9953,2048,9191
6005,1338,1679,8299,9964,4941,2381,2437,5067,137,6798,3616,1512,3653,4266,2439,4992,8410,820,4614,7547
1748,7349,9930,7792,7308,944,9154,9529,3726,5840,9819,6241,6380,8087,6903,2845,6131
4859,3520,4928,5134,6527,7068,6614,4952,2150
7486,8597,9990,4999,2848,167,5599,8600,3422,6062,5374,8285,2699,599,2047
6890,5259,4440,5736,4147,9783,2859,1058,8674,8031,7466,5211,9025,6840,7538,9615,205,8320,3622,5430,680,7698,1854,9022,9084,3857,6297,2733
4165,3463,8793,3773,7725,8465,4899,302,3171,48,2533,3612,463,7437,2938,6163,1543,525
2813,4708,6654,4104,9917,841,6224,9535,5874,7414,7606,6336,3020,7252,6533,9845,1880,5532,5635,1376,5022,5230
2008,7475,1566,9330,6802,7868,8707,4215,6448,3806,659,7588,7880,6044,6942,9018,4902,6482,5876,1168,5970,5808,3991,2157,4356,8739,5891
9346,2898,4378,3022,4230,8868,2216,7684,1408,1755,6422,6462
8929,355,3872,5322,5332,9282,1673,6526,492
4566,1789,1156,10005,7863,876,1219,9580,9095,4412,8005,9710,4812,1532
7784,7686,3635,2702,9802,8718,4446,5365,9714,5145,2078,7739,1823,8861,7951,2570,7771,5537,4786,2201,2992,5301,4936,5569,6742,10039,6578,5252,5023
522,9808,3741,7860,219,1426,5866,1003,3654,4193,9699,8660,8998,4667,5570,7447,1198,3768
4832,1115,2738,3961,6426,8745,7541,2827,8381,9258,9089,5613,9148,6879,3383,9683,6727,9827,1848
4337,8738,3648,8836,6435,3907,1836,8467,2808,1907,2964
2084,636,2082,8809,4587,1102,3942,2193,4200,8289,9912,2691,2881,4047,988,4391,3518,937,1759,6094,2791,5723,3090,3776,1917
169,6140,6839,547,4432,139,4509,2873,348,2213,3678,9202,2120,3193,237,6870,3185,9033
974,1425,1730,5007,1530,6899,5396,8468,5652,3699,6134,9280,2525,9731,8945,6487,1927,803,3083,9539,5940,4411,7250,8820,99
1060,9173,240,6597,6019,9093,3545,8655,4355,8870,5665,4562,8966,3685,6807,5248,8151,6291,132,9969,3121,1280,3174,1663
8145,5779,6576,7282,7271,1703,6959,4570,2968,1341,1065,1767,2764,2543,7701,6195,3735,8540,4852
2838,4035,2586,2243,7972,6633,3555,5729,9105,7737,3832,2944,7117,5794,6121,1411,4673,8309,9007
8078,5250,7011,8720,5547,8048,9195,2199,6007,5336,8932,4943,6679,9062
9627,4016,6236,8245,7652,4191,10012,3015,6396
5166,2953,3062,778,10000,2345,8503,1113,142,4700,9467,2148
2086,5887,1264,9558,596,5120,293,9874,408,1125,1799,4288
8670,2897,6805,6198,1469,128,3515,2214,5053,9954,2782,1203,5862,7890,5261,9238,7204,9020,51,4126,5871,337,8725,3327,2526,8287
6174,1695,1231,35,3356,6753,1947,7879,9676,4398,267,1158,1609,1793,4444,8527,1912,3000
7424,418,9161,6998,8642,2263,1587,6483,908,9388,4622,2267,9413,6691,8755,10071,1986,9735,6666,642,5961,8199,68
9886,9630,6021,5945,2887,8213,6506,10009,8520
1313,998,113,3948,1736,3582,6319,3911,7017,2850,6207,3788,158,5679,452,3702,2778,3030,3392,7185,1118
7524,3366,1379,1570,6122,9734,6548,8999,1964,5762,8138,3052,4930,7014,6978,5861,2162,7047,710,7902,7451
1456,2116,1495,358,5875,6696,3822,649,1186,2231,7616,6376,7254,1078,5789,1090,6892,1676,6419,9411,716,9864,9216,4413,1034
7038,8892,9235,3393,4236,1287,3029,4862,2735,8186,8211,4925,8176,5401
832,8456,1581,8926,8970,2580,4053,1344,1888,5907,7936,6363,5234,2227,2272,9902,1630,3428,2746,2038
9732,603,996,6678,8559,5783,7969,448,6581,6801,5051,9249,10003,1026
8513,7864,5461,5144,7247,8851,3530,1685,10132,8130,7628,3140,3135,9362,8093
1756,3247,6694,2880,7256,3163,6648,6431,8080,5393,3652,4323,9857,6803,4317,1084,9993,8253,9553,5677,1378,1648,6398,602,475,2528,6417,9459,6644
8414,8488,2476,1123,9982,3710,5781,8095,8879,8458,1117,5098,73,9698,5555,8160,5141,5171,5567,9125,6301,687,7443,5645,62,5897,6190,12,4383
3993,1037,1467,8980,2966,605,638,7940,10123,5526,678,9013,6923,9132,1737,3417,7463,6583,5195,8764,8196,9231,3548,7063,9517,8781,7842,185
4134,1085,5816,3823,5347,2446,1584,5706,3716,9476,8140,7244,7287,1387,2001,6968,3516,8863
3781,7959,2112,4465,159,5436,2779,4328,2113,6058,3416,8032,4437,3146,434,3542,6700,1030,163
5932,5854,1602,3379,9430,7974,5311,7334,5009,8518,9860,3581,8810,2807,6165,7655,6917,8629,8017,7305,4281,2771,6018,303,4360,3055
6504,10115,3713,309,5090,3099,4893,2776,9412,9870,213,2970,7885,9083,5770,3182,3036
1959,6786,7243,1534,900,6809,2006,4856,2893,9675,4256,7049,2577,3370,2648,7169,7245,10112,7662,5489,3084,5642,10026,1476,8706,6193
2059,3425,1973,9542,8681,2993,9531,5214,4295,3921,7473,1192,5389,5260,7877,5027,3933,8038,3031,9077,6262,5858,6936,738,1958,9739
7593,8010,6886,8941,6698,486,6868,8501,4571,928,8051,9008
5464,3305,1806,5863,9625,5776,4005,9097,1527,3836,7968,4662,6864,1302,10054,4810,4048,10035,4450,4310,6580,2685,2680,3421,1388,6924,5287
8230,8265,4218,4978,3394,2706,8443,8735,3152,4857,794,7729,8866,5825,3478,4913
8699,427,5560,6591,9377,7928,5194,2930,5928,451,183,1560
3224,8565,1166,5075,7931,1921,853,763,5363,2541,3439,6957,3479,3600,9147,4501,2862,6342
5046,2061,8747,7277,8754,2253,9616,2132,1031,542
4605,4315,8965,5176,773,6455,1422,3035,1860,5678,4037,9489,4545
9607,10008,6952,8856,6204,6063,1068,10114,5013,4576,717,3398,5409,1995,8398,2304,1967
6497,9343,8054,7858,6066,3761,10093,8918,6292,1970,3003,5939,2279,9727,6672,3841,6566,2408,9242,694,3436
6317,10010,5625,7332,4944,2864,1185,8877,7015,2653,3420,5565,206,6499,6395,1050,7105,2962,2623,7888,392,3775,4043,1475,2524
5558,3091,1230,3115,6312,10138,9349,4783,289,9462,6988,1015,7025,3904,4515,2070,5892
6628,45,487,9422,8772,4717,5638,779,5295,5064,681,3410,5338,3928,5447
9119,4744,1833,2388,5590,5707,7170,3748,9916,9686,9971,7398,6852,9331,7631,130,3204,6752,4828,7856,7540
9756,7605,809,991,5821,8511,9713,5653,4491,8902,2149,8935,2134,8666,9103,10072,8794,6964,190
3468,8827,6745,5132,425,515,4888,6244,8133,3868,740,4665,4658,208,8662
3374,5588,6585,9214,7620,8638,5256,4541,9767,5017,7415,9040
6223,5957,1946,9851,4241,4682,4647,8848,559,9847,116,244,6708,7115,7419,9560,8944,6522
8431,442,7067,6667,3979,9985,4884,939,6082,906,8632,1596,8798,4430,960,8358,1561,9528,5032,5114,7595,4997,5172,8266
1153,2371,2422,286,6987,8617,8938,1368,2089,9639,4698,7935,834,2489,8455,484,4415,1089,5158
387,3136,5814,934,1134,69,1908,7363,5400,1842,8777,6625,5042,6038,9236,2354
4344,2977,6960,9455,1119,6283,3119,7869,1209,6173,6302
6451,9371,1669,9771,2578,9772,7610,8939,9081,1107,5305,8009,7579,7727,6875,8627,8460,6551,847,9059,2235,1985,5125,7203
584,1226,6087,1926,2517,1658,8927,9785,210,174,1674,8062
8146,9347,7110,1796,2875,924,9885,9068,7479,8811,8134,9291,6552,6233,3593,641,9317
4348,3506,7021,6675,1916,9169,10045,8792,5186,5731
4481,5189,8277,2450,2668,7922,7347,9160,1818,2531,1771,4517,5335,9176,149,7379,6169,9497,334
3810,9017,6353,7326,6823,9375,3409,2277,2672,9270,2884,7128,9946,2285,9534,2164,2269,499,6518,4645,8624,1081,2652
1240,9183,679,4958,7626,1511,7586,8043,1076
5539,2103,957,9700,4842,5689,3499,7832,8244,3903,6107,8326,1729,2462,2299,532,9753,5857,259,8687,4816,3958,968,5280,2065,179,464,3072
2131,9826,4300,10015,524,1971,3167,10020,5959
3236,7396,6529,6847,8677,8776,7943,2027,863,1393,7719,2883,951,7564,7149,3546,966,2013,5005,8652,7831
2467,4853,8336,9053,4416,2757,2692,894,5473,1928,799,5302,8869,771,742,2176
9800,5518,2943,5247,4649,3172,8963,4050,1558,3729,5354,7810,5966,7077,831,4140,83,6985,2140,3534,6498
2368,9045,4368,3112,3602,225,3640,6095,8325,34,2814
8094,7570,8178,6309,308,7592,2537,570,7461,6717,2022,319,5747,396,1542,4678,1210,1660,6373,9350,2854,4927
1077,3006,2728,746,6665,7632,8102,4039,5969,10078,1969,5492,6141,3954,4466,623
506,7103,4826,1837,6401,9681,2189,8226,9414,8979,7853,4324,2063,500
674,5463,3037,3282,4971,4206,4529,6391,790,8129,7364,3375
9871,6260,4564,6135,4590,1822,5541,9599,4046,2328,6320,2017,3034,8307,5579,6610
9345,4600,5657,5408,8712,7762,8883,3249,7726,394,801,5030,2095,8812,7065,447,9129,5488,2523,9448,5763,8512,5701,3402,8202,7235,9128,9036
4872,1438,4578,7774,2276,8188,4188,9378,9789,3995,3025,10030,6817,4057,410,248,1357,3419,10096,5087,5138
4863,5610,6045,7200,5112,2400,8516,8753,2188,3878,6080
2606,7094,8705,7406,9673,5254,753,2025,8052,6920,6059,9030,5131,5028,3220
6573,989,4101,6780,2315,7083,2283,6574,7848,2592,5786,9988,4164
2298,7404,5068,2452,4238,7576,4041,4397,8033,1176,4727,7177,9966,3715,8482,9163,7983,3414,1041,1335,4237,5601
8588,1902,5669,243,269,1024,4195,6674,954,3246,4494,2815,3166,1093
6284,2639,8013,7844,9873,1631,3908,1877,5394,375,2559,5278,6913,8083,4009,10092,1562,9541,9611,2952,7330,1401,7164,9833,7637,9450,7849,2043
9067,8487,6109,9012,7988,4869,3661,10065,2420,7717,4991,10067,8058,1798,1259,2413,10122,2464,9423,1223,9705,8592,6078,6795,8846
7623,7176,9429,4652,9858,3560,5044,5202,3609,4089,5695,9640,6083,4897,1882,950,9877,843,4964,632
3896,4712,9224,7920,8089,7194,1949,2031,1865,7158,8658,2076,2431,10129,6157,6025,1094,5756
5573,1213,3153,1785,3901,2054,5231,2954,594,2202,6590,7264,7124,9825,3363,9547,3371,9614,5947,9175,1644,6345,6976,10087,2297,2637,3466
6938,6605,7161,8463,539,961,2080,8363,3194,2650,5904,4567,6676,2000,216,1508,4589,7751,3691,4338,9247,7107
3571,7496,615,354,6457,6878,6653,3406,8020,1941
9303,2688,4754,6865,1856,9112,4552,1036,2514,8515
5561,9927,4407,4765,4820,4965,7131,4257,828,501,1955,1433,1353,2558,9032,3032,8803
9587,6194,3718,9031,4155,9942,9389,8300,3460,6151,4418,5522,3922,336,8620
2440,8453,5174,8036,5545,1178,5801,9284,4278,6893,8690,7808,4447,9832
2145,1890,5243,5976,7246,1832,8343,7515,2544,261,9434,4490,6449,230,9339,3746,9963,7710,5746,8471,7742,4858,9651,3879,4553,478,922,929
4967,7826,6697,3777,6971,1358,5462,2725,6640,962,3276
6699,6159,5364,658,3674,2631,1377,6327,2939,4000,2626,712,54,3208,4079,9914,2812,3670,5499,154,9646,4377,4720,590,22,7266,3599
8163,8018,5785,4814,4646,6747,0,7130,8025,10029,3601,4579,4292,1451,5693,9050
7278,1414,8162,25,6545,5733,5279,7852,3791,2858,7295
1911,7617,4910,482,3952,4270,9742,7121,4071,8255,85,253,4723,7720,6785,1285,2576,9267,9446,3743,1797,9416,7977,7839
5420,5853,8922,5387,2621,5437,9545,1992,8884,3728,806,1227,5894,2662,4887,6689,8097,2593,7147,4386,2587,2649
155,2365,9777,1303,1373,5774,564,591,119,1349,6030,7657,8967,3848,6161,6441,3712,9775,6778,8726,8957,2308,1700,1574,4220
8907,3617,9525,9426,166,3243,3671,2724,6749,258,8171,6113,7758
7504,2451,8977,8835,5941,6607,9859,6965,1617,6534,3533,2972,1428,2208,4716
10111,3109,7324,3332,858,4078,6645,2324,8830,8983,7160,4627,842,3158,4458,5472,7073,7262,3620,5852,3213
1667,3861,8090,1754,2449,5297,100,7687,28,6502,491,3918,597,9928,7741,10143,74,3557,4695,5752,9507
1651,7389,7026,8700,5949,3122,7905,1550,5193,4734,3792,548,4275,2261,1395,5413,3740,7356,3924
10099,4877,1924,1743,3248,9479,4845,9295,245,10121,9218,3453,4075,7886,7409,2174,9158,3709,6641,787,5151,6824,7341,2670
1073,8509,9645,8749,4844,9679,3372,8273,2805,2574,9262,443,9171,9795,9933,707,2198,8402,1853,6381,10021,1212,4223,9366
1326,1553,5443,3523,6171,889,9875,3050,2550,5188,5960,6594
2975,4319,1611,6214,6744,3341,6382,4803,5760,3739,6767,7353,1075,852,5623,7615,5033,817,2868,6308,9185
9537,3273,5106,8659,7144,745,1936,6853,4247,2493,1905,1879,2401,367,4724,2758,2425,7910,6596,824,6716,6385,6172,9608,1172
2468,2946,7001,4471,3014,229,9829,1624,4909,2540,2594,10141,9292,3625,2141,1994,6740
7667,3886,1266,5325,339,3451,9004,2210,8109,9359,8908,6071,8549,6166,3847,2155,268,8085,2843,2342,5993,5367,5478
7554,5215,5790,4696,8682,2752,514,1998,6818,1614,9138,5113,7898,8126,105,2658,3352,6889,1606,2561,3427,6921,9527,6295,2396,5037
6977,278,9227,994,8351,8272,164,3629,3649,472,2097,2547,1369,2275,2444,6837,4747,9849,8994,4819,98,5626,4498,1652,9790,1834,7772
6142,4811,2686,3345,5983,3474,1706,4396,3751,4530,3323,10124,9372,8125,7641,9563,8589,3065,7069,178,6369,890,5782,3982,9830,4609,5906,933,3812
7854,3222,8340,9312,4635,324,5156,5508,9897,9784,6505,6351,6572,3889,901
5181,9600,9992,971,734,2435,7123,8901,999,9203,8249,2584,577,6565,1872,9051,5355,3656,7468,8019,1244,3458
7059,3145,3554,5316,9466,651,7336,6635,3528,1593,4153,4945,1002,4505,4113,7926,6073
6564,9581,8498,5101,8991,8806,1263,6582,7458,4340,4350,8378,8964,6898,5870,5671,4059,724,579,8108,2418,2417,2713,2832,7647,5282
222,6974,8599,1042,4451,10102,1885,5562,1787,869,9308,3488,8799,7501,9250,5091,8284,7358,6368
7384,9661,6321,2852,4680,1400,2183,8808,1214,9328,2755,5449,3461,8916,6494,403,3975,5938,2803,7027,3615,5722,1057,692,115,5611,1800
6881,9768,2879,3438,5411,5879,347,9769,902,6003,9026,7166,777,4346,2861,250,215
8722,1048,5664,77,5873,1055,9245,9972,9065,3827,3764,9342,8680
6994,5235,7723,7775,3388,10117,5502,152,6115,2360,3256,4008,3266,7239,8053,5481,1839,6252,10048,3646,9751,7585,4866,7449,3054,9275,3125
6031,1000,8346,5451,7998,2851,5025,3079,5953,6464,8411,1805,7442,5102,5070,7118,2644,4426
3552,4701,942,7030,5480,7233,4813,9133,3784,4980,5566,1288,608,2247,7366,4669,4167,4584,4962,8789,2737,856,6362,5469,9892
5843,4198,3662,5405,3981,7019,2041,3770,1047,7850,6099,7412,7193,5178,5607,2572,1741,1906,5136,1423
6584,6068,8915,1774,2207,5893,3368,905,9642,2901,4705,9234,6168,1782,4297,9726
4318,8066,9493,2836,8229,6846,7165,729,1717,4833,3578,554,5595,2352,3467,9098,2810,3058
6334,5793,2463,1404,4349,5350,9958,7939,2244,6112,840,7769,8746,1548,6148,2326,3150,5284,9243,3572,254,6854,1318,8183,8362,7812
2947,6220,2101,198,9357,40,503,3504,1220,1129,1184,5183,1091,8819,1698,2590,4040,7778,7819,7143,7578,3173,1670,6015
2529,3161,3225,4179,7563,6688,4172,8825,4228
467,7598,8858,1595,9074,8988,5985,2819,2379,4935,3429,2582,5800,3270,5052,6638,435,5054
6634,1925,7630,4560,1188,6515,1109,4044,804,3899,9868,5427,4594,825,8717,9061,3798,8466,8438,1850,4294
3721,489,7797,6114,4013,812,432,7881,5710,3418,8014
2122,3269,9187,8886,2929,1056,772,8274,7607,1786,4850,9644,8167,7218,67,7895,8782,9834,8969,6162,9394,3051,4949,2895,438
5778,4762,307,5293,1835,5395,4061,7438,3604,4540,5253,1721,1937,7136,1732
5082,9035,10118,5850,2257,4599,7367,2984,414,231,26,2453,3727
1342,6643,6726,9341,4287,3286,4207,3132,7064,10022,2060,4539,2402,5943,413,350,6231,8541,10028,6738,8543,6536,5654,1447,1424,3364,4875
7212,2575,538,2305,6979,1479,58,5979,2844,3521,9774,2754
9569,1328,1237,8692,6337,2835,2200,619,7201,9998,453,3442,1009,8023,5916,4526,7917,9102,1367,7092,2492,2153,997,1452,1116,517,7665,3988
7095,2387,6152,9373,6656,6485,1523,1352,9332,6254,5351,1933,6096,6139,3850,4362,4968,5040,7677,6234
9019,3349,3253,4038,4267,854,9543,5237,673,1762,1577
7084,8182,6659,4457,4657,625,8452,4480,8485,5643
1920,7635,6877,4763,7402,1777,6199,4239,875,6393,5004,9473,3938,4975,6249,7209,56,7971,3098,9086,10004
4060,6445,292,2303,4792,3632,5837,6261,675,7085,351,6953,7321,5578,1242,6403,4331,3815,3765,9165,2239
3760,9286,4847,9427,4684,8510,7035,2829,8891,5170,7560,3071,1790,4405,3430,3842,4780,1904,1637,5812,2919,4003,6771,1783,2029,9631,1718,3717,8158
1206,1234,566,6136,9127,2323,8063,2242,2436,9657,3492,3790,8605,7855
8496,706,7975,6240,8373,9351,3245,4528,913,2916,5513,9073,2811,9754,5885,4500,1989,4502,2611,1307,4190,555,7953,9519,2856,2295,9383,1257
1258,6170,1121,3898,5769,1956,601,4956,8091,4301,296,5865,7032,8802,3459,5110,10101,8931,7965,2423,7986,2783,7889
7925,2588,4711,3990,9647,3853,4021,8615,4608,7639,3264,1179,6553
5241,8975,2519,5954,5571,3579,8396,7529,1939,3624,4496,2963,7360,6783,153,8164,3380,1201,5303,978,232,8268,7374
7028,5148,2763,9523,4306,1413,2612,6002,3511,4125,4961,6701,9691,6315,5078,8731,9812,2294,3970,2657,7351,1662,9038,4800
9329,9780,2625,8756,7577,370,7012,3359,4808,1299,331,6613,2152,6568,9014,8082,9648,582,7627
4235,8116,6762,4136,345,9937,6374,3826,6329,2806,5950,8442,1127,1696,13,4896,5452
9584,7417,2465,8477,3244,2291,7281,6101,8472,3396,188
6427,3676,8372,2050,3711,1944,508,2830,8439
9987,1592,4918,6125,4217,2434,7286,5093,7061,5633
1861,7435,1394,6909,7312,1639,2842,212,6322,429,44,6711,5190
2138,6040,7490,127,151,3737,8864,9336,6306,8450,1331,7455,5467,9508,7390,7528,2841,3206
2804,6860,1144,7800,9711,1518,9805,1547,4027,8409,3415,6668,9471,4077,1021,2822
9085,7748,2800,9838,7795,767,4779,6845,1712,4409,8550,5903,223,7711,1952,5330,6203
4950,9796,10130,6941,780,502,6639,4868,2126,8208,6108,7511,7833,6650,9896,897,2161,10082,7633,4086,1746,813,8930,3337,4160,8103,6270,4055,3956
4212,581,7575,3867,9122,9491,5444,6,5718,8545,1810,312,6874,1978,614,7754,8489,5048,157,2386,768,8074,5912,664,10027,8934
3444,2220,5300,5668,4454,4550,7908,2538,3019,7248,5515,3024,9890,7368,1336,2732,71,6800,985,7255,31,3783,6718,8759,529,1745,2372,8200
4603,4612,5238,317,2357,6884,8388,1851,6589,9380,7457,1821,9696,7803,4069,4384,5964,6212,2821,6782,2290,4987,2857,921,7805,2950,4181
3813,6673,5589,2610,4561,2734,9730,2718,4108,2534,1007,9793,7809,766
9164,1502,1948,3580,2395,2447,6963,1088,1672,5285,2619,433,5398,8896,8590,204,9804,5620,883,3967,2892,3687,356,4187,5675,5324,494,7503,9817
16,6197,8859,37,878,3311,10046,9391,8194,3939,10066,10025,6133
6967,3230,728,6788,7257,8888,294,1440,7399,9445,4332,6849,4707,9310,3526,6263,4246,7997,3066,3281,6120,8736,9396,8328,5123
4216,2483,3361,4619,4186,9261,6356,5972,9929,4068,5096,6559
404,1164,1707,38,9449,9090,10062,2442,4469,6361,1380,4435,1187,9911,193,2809,970
8933,2703,4638,7787,2579,4679,8445,10032,217,4370,8628,1323,5296,4274,6609,9690,1776,1297,2099,9188,3722,3241
5107,2470,6359,3849,3551,9326,8008,6307,3405,6100,9764,9149,449,6196,8905,3733,6335,8144,2785,7113,5346
1812,7311,9552,4064,8887,7141,7072,488,1725,3677,2075,7776,986,9757,3563,6285,95,2428,1273,8697
8730,415,306,4757,9010,5525,919,8433,6176,7060
300,7076,5984,5920,880,1686,7724,9407,118,8561,2194,8310,2051,1807,6349,8131,8544,4692,8719,9842,1027,5224,8631,6621,3535,1607,9562,6600,2999
6481,4401,4221,1740,460,4367,7210,2258,915,8685,4659,4604,2608,9688,7410,9361,8765,5608,4464,6721,4330,4523,7431,1478,8986,1051
1140,618,7377,9159,2536,7857,1152,4628,3695,5585,802,6326,4139,2334,9610,5119,108
7685,9217,7991,6328,918,8604,8833,5057,3308,4670,7930,481,9720,2723,8447,8762,3007,866,9237
3805,1430,1059,7119,8593,5321,9428,1148,3639,1174,4542,3278,6765,4006,7459,9063,3042,4988,6599,5397,1147
3465,9980,7134,2760,5349,7097,4748,9708,6016,6844,3738,8644,690,9276,4602,1896,1626,7730,263,5055,8473,6180,643,5824,2694,9932,6570,6739,2535
7039,9484,7603,6215,8574,9706,9680,5357,9765,6450,585,1713,6041,1243,7052,3045,9791,2466
10057,4099,3440,8647,3937,8221,6513,2226,6043,6784,7418,5417,6706,7636,4163,6937,9044,2941,3655,8962,9034,5199,2988,1555,1545,1151,1733,8218
6287,1270,719,46,8606,8650,7416,6421,4309
3631,8420,150,8122,1294,1953,3628,1493,2516,1775,3454,9156,544,8088,1354,291,8469
6145,7680,6530,5753,5445,9977,9285,5992,7596,9215,9823,6792,1742,2445,9118,6463
6081,1484,7182,3883,1130,2936,2018,1830,5917
8669,1739,93,3830,7835,1080,6902,8225,8704,7008,9277,3930,4611,9438,4022,663,5856,6776,3005,7987,6047,2273,1770,2459,6471,5563,6709,7037,1191
2927,162,2888,693,3431,3668,8530,3943,4719,2206,4474,8639,3322,9530,9760,3708,4610,9629,4688,7293,5946,7517,343
2180,84,2860,5306,2801,588,5081,6944,4906,112,9695,5742,3825,2376,7325,10056,9265,8834
5307,7290,8206,7074,2507,3369,2421,8360,8382,1314,9048,6278,9387,9555,9244,1899,4557,882,8006,6714,1829,5127,6468,3191,4358,8231,8067,6057
4894,2375,1761,480,887,9889,7944,374,4373,557
1255,2037,8081,5185,1923,1446,7301,8323,8517,4168,10139
7229,2620,6773,4574,6756,3941,3043,9219,9437,5358,7296
6177,821,2028,5370,4290,4389,8155,2020,8972,3934,3472,2377,9546,6859,189,2081,9321,5748,3732,10116,6085,7066,2624,793,2389,7763,4534,4489,3766
9480,2508,5213,3218,8312,2562,7251,2184,9494,8696,5103,3231,138,8112,8292,8124
6730,8804,5271,4423,7892,3527,7618,5705,3493,8204,8784,9797,2105,9814,9571,6918,2942,1867,4807,7996,1974,5385,940
2542,9367,657,4776,838,1557,8440,9672,3165,3513
3073,5470,647,7082,1519,2102,9913,6833,3840,6017,4433,4675,1252,5388,3413,4431,9255,7292,7678
8415,2487,8059,611,4478,9344,6954,8251,556,8214,7954,8413,4388,1604,4280,8602,6378,5512,1711,8426,7970,6999,8449,2817,9443,3968,4442,3880,4095
5165,6632,8813,5000,2318,2554,2840,3611,4830,7155,5485,6132,7746,6914,9931,2774,4263,3696,3408,1841,4932,7342,2687,6626,7272,2969,6509,10017
578,3890,2146,4527,5315,2846,2313,3041,6273,4525,1415,8641,7535,5534,952,5157,1163,7216
6567,7392,1647,4934,5991,7644,290,352,8741,7899,182
607,4880,5777,3987,3568,7995,7298,2427,650,5267,4870,2849,1878,1269,3636,7964,2837,2397,6009
2088,6126,9920,5725,1714,3789,9143,5918,2553,3198,2481,4484,1731,1844
6500,6026,10119,1649,6712,3481,5878,870,8147,1498,7429,4874,9846,1819,7476,1693,3892,4158,4118,2918
3772,589,898,8242,4837,3294,5111,1483,1346,280,3048,4250,8330,6423,5203,2565,2961,2225,5498,4772,9583,4761,4823,8849,2825,6850
9478,277,5650,2747,5061,1472,8743,7697,4017
3423,6880,7205,3881,7780,6935,9297,1427,5337,9900,9649
3127,5919,4834,8609,8235,9271,9568,5822,4162,4790,5344,4291,7654,2343,627,4966,4981,8648,5728,4258,1546,8622,9209,2232,7173,70,9759,4023,1521
5868,134,7199,7051,378,129,3360,6842,4620,5486,2254,6825,4091,6575,1728,96,7031,5229,7734
3377,6465,1481,2520,4296,700,4026,8816,7302,1510,9208,4989,271,9712,2638,3229,2111,4093,6453,477,6746,4760,5572,6830,7661,1918
9620,9091,120,4143,3944,545,9189,6535,4768,7903,4472,7441,7355
2726,1300,2197,689,2182,8943,7285,10104,2797,1161,3565,4477,9316,7345
9707,3863,5264,7653,993,2684,2566,3794,6143,2831,6149,1329,1020,6931,2143,7122,8917
5697,5450,9643,8371,8621,4007,1290,8973,7225,2073,823
2485,9056,1533,6630,8086,17,6276,2055,4718,9075,9432,7512,6416,8406,3059,4272,5981,1683,3490,4467,9652,8635,1859
5435,6670,6606,857,156,2799,8483,7003,8495,1942,2878,3817,5191
7024,9401,946,8663,1613,2179,925,3340,19,6929,1635,7313,4535,990,6413,3774,3627,9895,3641,4336,7370,6111,249,807,9991,7942,6900,2945,5533
3650,8867,2490,7911,8787,917,958,9538,3731,4232,2660,653,8159,1968,2665,8583,7380,2794,4617,6702,8386,512,3595,9809,7138
7018,117,3852,6843,1442,5371,3148,2455,4741,1126,6086,5339,8342,8391,2228,3607,6836,5375
9935,238,9837,4565,456,10140,3186,9398,1668,5317,8581,5487,3700,8412,6687,4352,5126,10100,3724
3446,622,9689,9602,721,5373,1205,8987,8594,3284,2171,2632,2708,9395,1954,4970,9671,5519,1327,1135,2595,9107,1256,5314,9460,6331,646
8529,2460,7601,2147,5501,8137,6438,9752,2513,7923,776,9564,9205,2869,2784,6055,8499,7967,2373
3469,7845,87,6178,423,4107,1643,4686,8106,2250,826,7090,2241,7494,7460,4798,2700
6757,2349,7767,2271,5557,9815,8041,3507,3706,6116,3159,5504